0 0.93359375 0.878125 0.0671875 0.1484375
0 0.28359375 0.4 0.0375 0.1046875
0 0.31171875 0.37734375 0.0328125 0.0546875
0 0.37890625 0.275 0.028125 0.0859375
0 0.221875 0.33828125 0.034375 0.0984375
0 0.20703125 0.32734375 0.0296875 0.0921875
0 0.2578125 0.24609375 0.025 0.075
0 0.2734375 0.23671875 0.025 0.075
0 0.2875 0.1453125 0.0171875 0.0578125
0 0.2203125 0.29140625 0.0296875 0.0875
0 0.253125 0.33125 0.0375 0.09375
0 0.27578125 0.3296875 0.028125 0.0953125
0 0.28671875 0.321875 0.0234375 0.084375