0 0.18359375 0.03828125 0.06484375 0.0765625
0 0.6515625 0.18984375 0.0625 0.1109375
0 0.04296875 0.3234375 0.0578125 0.10078125
0 0.05546875 0.46171875 0.06484375 0.1078125
0 0.05546875 0.72109375 0.06484375 0.09609375
0 0.4890625 0.4578125 0.06015625 0.10546875
0 0.5671875 0.51953125 0.071875 0.1109375
0 0.615625 0.53828125 0.07421875 0.125
0 0.67578125 0.5578125 0.0796875 0.1296875
0 0.76796875 0.49609375 0.06953125 0.15390625
0 0.4734375 0.9125 0.0796875 0.1203125
0 0.6046875 0.93046875 0.07421875 0.1296875
0 0.66015625 0.9421875 0.07421875 0.115625