0 0.7203125 0.89375 0.0765625 0.1640625
0 0.2 0.340625 0.0359375 0.059375
0 0.2828125 0.24609375 0.0359375 0.0890625
0 0.165625 0.32890625 0.0421875 0.10625
0 0.109375 0.28359375 0.0359375 0.103125
0 0.0921875 0.27109375 0.0375 0.0984375
0 0.10078125 0.23984375 0.0171875 0.040625
0 0.12109375 0.23515625 0.0375 0.096875
0 0.1453125 0.2765625 0.034375 0.090625
0 0.16953125 0.2640625 0.0265625 0.0625
0 0.18359375 0.27734375 0.0265625 0.084375
0 0.18515625 0.18515625 0.028125 0.0796875
0 0.16640625 0.190625 0.028125 0.078125
0 0.21796875 0.09296875 0.0203125 0.065625