0 0.89375 0.2796875 0.1640625 0.0765625
0 0.340625 0.8 0.059375 0.0359375
0 0.24609375 0.7171875 0.0890625 0.0359375
0 0.32890625 0.834375 0.10625 0.0421875
0 0.28359375 0.890625 0.103125 0.0359375
0 0.27109375 0.9078125 0.0984375 0.0375
0 0.23984375 0.89921875 0.040625 0.0171875
0 0.23515625 0.87890625 0.096875 0.0375
0 0.2765625 0.8546875 0.090625 0.034375
0 0.2640625 0.83046875 0.0625 0.0265625
0 0.27734375 0.81640625 0.084375 0.0265625
0 0.18515625 0.81484375 0.0796875 0.028125
0 0.190625 0.83359375 0.078125 0.028125
0 0.09296875 0.78203125 0.065625 0.0203125