0 0.73515625 0.4921875 0.078125 0.021875
0 0.68984375 0.4234375 0.084375 0.0171875
0 0.6375 0.41328125 0.0515625 0.03125
0 0.62265625 0.38671875 0.1078125 0.028125
0 0.70546875 0.38046875 0.0625 0.0203125
0 0.6953125 0.39453125 0.084375 0.0203125
0 0.86484375 0.403125 0.059375 0.0171875
0 0.77890625 0.38515625 0.0734375 0.021875
0 0.76953125 0.36875 0.0703125 0.0203125
0 0.6875 0.3375 0.0859375 0.0234375
0 0.68046875 0.32421875 0.09375 0.025
0 0.696875 0.315625 0.084375 0.01875
0 0.72265625 0.32265625 0.0359375 0.0125
0 0.75 0.32421875 0.040625 0.0171875