0 0.31328125 0.1203125 0.0859375 0.021875
0 0.39296875 0.23828125 0.053125 0.03125
0 0.3625 0.2703125 0.1015625 0.0234375
0 0.32421875 0.32109375 0.09375 0.015625
0 0.30703125 0.34765625 0.090625 0.0265625
0 0.309375 0.3234375 0.084375 0.015625
0 0.309375 0.30859375 0.0859375 0.0125
0 0.309375 0.265625 0.046875 0.01875
0 0.3296875 0.2453125 0.0859375 0.01875
0 0.33046875 0.21640625 0.090625 0.0171875
0 0.1578125 0.20078125 0.065625 0.015625
0 0.246875 0.25703125 0.071875 0.015625
0 0.2453125 0.2359375 0.0734375 0.0171875