0 0.01796875 0.21953125 0.0234375 0.0625
0 0.00546875 0.19921875 0.0109375 0.0609375
0 0.1296875 0.1640625 0.0203125 0.0515625
0 0.14453125 0.14140625 0.0203125 0.046875
0 0.7140625 0.290625 0.040625 0.096875
0 0.74921875 0.3046875 0.03125 0.0984375
0 0.81328125 0.33828125 0.0484375 0.109375
0 0.85 0.3765625 0.0375 0.065625
0 0.96875 0.28125 0.028125 0.10625
0 0.86328125 0.30703125 0.03125 0.0953125
0 0.83359375 0.309375 0.03125 0.084375
0 0.8109375 0.2890625 0.021875 0.046875
0 0.73984375 0.23125 0.01875 0.0390625
0 0.8109375 0.225 0.028125 0.0734375
0 0.834375 0.21875 0.028125 0.0734375
0 0.8671875 0.12890625 0.0265625 0.0671875