0 0.4265625 0.65390625 0.340625 0.615625
0 0.834375 0.54296875 0.171875 0.328125
0 0.94921875 0.521875 0.1015625 0.309375
0 0.80703125 0.37421875 0.0921875 0.1234375
0 0.725 0.45390625 0.1203125 0.2390625
0 0.71171875 0.33125 0.0484375 0.06875
0 0.67421875 0.328125 0.0359375 0.0828125
0 0.51953125 0.50625 0.0828125 0.1515625
0 0.12890625 0.64765625 0.1875 0.3796875
0 0.03828125 0.55546875 0.0765625 0.2484375
0 0.171875 0.47421875 0.1015625 0.190625
0 0.23828125 0.4671875 0.090625 0.1453125
0 0.3109375 0.42890625 0.09375 0.190625
0 0.23671875 0.3875 0.0671875 0.10625
0 0.6484375 0.38828125 0.08125 0.1609375
0 0.62109375 0.328125 0.0703125 0.0953125
0 0.48984375 0.33046875 0.059375 0.05625
0 0.45 0.346875 0.0375 0.059375