0 0.8765625 0.38203125 0.05546875 0.09140625
0 0.84140625 0.4109375 0.05546875 0.08671875
0 0.74609375 0.4125 0.06953125 0.08203125
0 0.62734375 0.396875 0.06015625 0.09609375
0 0.60078125 0.415625 0.0578125 0.08671875
0 0.5328125 0.42890625 0.0453125 0.0984375
0 0.51796875 0.43515625 0.053125 0.08671875
0 0.4390625 0.45078125 0.05546875 0.0796875
0 0.31484375 0.46640625 0.06953125 0.0984375
0 0.18515625 0.41484375 0.05546875 0.084375
0 0.021875 0.5984375 0.04296875 0.08671875
0 0.1078125 0.66953125 0.06015625 0.08671875