0 0.87890625 0.38828125 0.053125 0.09140625
0 0.84375 0.4171875 0.05546875 0.08671875
0 0.74765625 0.4171875 0.0671875 0.0796875
0 0.6296875 0.39765625 0.0578125 0.09609375
0 0.60234375 0.4171875 0.0578125 0.08671875
0 0.53359375 0.43046875 0.04296875 0.0984375
0 0.51953125 0.4359375 0.053125 0.08671875
0 0.4390625 0.44921875 0.05546875 0.0796875
0 0.31640625 0.4625 0.0671875 0.0984375
0 0.1859375 0.41015625 0.053125 0.084375
0 0.0203125 0.59140625 0.040625 0.08671875
0 0.10546875 0.6625 0.0578125 0.08671875