0 0.884375 0.44609375 0.040625 0.103125
0 0.8375 0.47109375 0.03125 0.09609375
0 0.7859375 0.4515625 0.0453125 0.06953125
0 0.725 0.4390625 0.0578125 0.084375
0 0.625 0.4 0.040625 0.10546875
0 0.59609375 0.3796875 0.0484375 0.09375
0 0.57109375 0.4203125 0.0578125 0.0984375
0 0.475 0.396875 0.03828125 0.0984375
0 0.45703125 0.38359375 0.053125 0.09609375
0 0.353125 0.3765625 0.053125 0.09609375
0 0.2078125 0.3578125 0.06015625 0.1078125
0 0.07421875 0.2515625 0.05546875 0.10546875
0 0.36875 0.91796875 0.03359375 0.06953125