0 0.61640625 0.0671875 0.08125 0.0359375
0 0.6203125 0.0875 0.0890625 0.05
0 0.61640625 0.16796875 0.0875 0.05625
0 0.609375 0.28828125 0.075 0.053125
0 0.678125 0.4125 0.090625 0.05
0 0.4828125 0.509375 0.0765625 0.0453125
0 0.58046875 0.53984375 0.096875 0.0453125
0 0.42890625 0.6265625 0.0875 0.053125
0 0.2609375 0.725 0.0890625 0.0484375
0 0.1765625 0.74140625 0.08125 0.05
0 0.0796875 0.76953125 0.0671875 0.0359375
0 0.08671875 0.80078125 0.0671875 0.040625
0 0.68359375 0.678125 0.1 0.059375