0 0.91796875 0.65390625 0.15 0.2453125
0 0.81875 0.66328125 0.0765625 0.15
0 0.759375 0.65 0.1078125 0.2234375
0 0.6828125 0.6515625 0.103125 0.2234375
0 0.60234375 0.86640625 0.071875 0.1515625
0 0.53515625 0.8734375 0.075 0.1515625
0 0.46875 0.7140625 0.1125 0.215625
0 0.3859375 0.4890625 0.190625 0.28125
0 0.37890625 0.71171875 0.0765625 0.18125
0 0.35234375 0.69609375 0.090625 0.184375
0 0.40390625 0.859375 0.0875 0.1734375
0 0.35234375 0.84765625 0.0890625 0.146875
0 0.3078125 0.8578125 0.0796875 0.146875
0 0.2859375 0.8015625 0.0671875 0.15625
0 0.22734375 0.66796875 0.084375 0.209375
0 0.20703125 0.6453125 0.090625 0.2328125
0 0.16796875 0.66484375 0.11875 0.2234375
0 0.1609375 0.52890625 0.1109375 0.1828125
0 0.0765625 0.61640625 0.13125 0.2234375
0 0.11640625 0.78828125 0.090625 0.1765625
0 0.00859375 0.78515625 0.0171875 0.165625
0 0.01171875 0.8375 0.0234375 0.15625
0 0.22734375 0.84765625 0.084375 0.1609375