0 0.7453125 0.04921875 0.1515625 0.0671875
0 0.7453125 0.10078125 0.215625 0.0875
0 0.72265625 0.18046875 0.2140625 0.071875
0 0.49765625 0.2140625 0.13125 0.0625
0 0.30625 0.1546875 0.1296875 0.0625
0 0.2546875 0.39921875 0.1125 0.065625
0 0.475 0.2828125 0.125 0.0453125
0 0.6234375 0.38125 0.2 0.0984375
0 0.4578125 0.41953125 0.1625 0.0671875
0 0.5984375 0.475 0.178125 0.0765625
0 0.61328125 0.50703125 0.175 0.0796875
0 0.82578125 0.50703125 0.2765625 0.14375
0 0.6203125 0.62109375 0.209375 0.0625
0 0.634375 0.646875 0.21875 0.08125
0 0.603125 0.6890625 0.2 0.0796875
0 0.6359375 0.78515625 0.215625 0.1
0 0.74375 0.7234375 0.18125 0.090625
0 0.49609375 0.5421875 0.1515625 0.05625
0 0.47265625 0.70546875 0.14375 0.08125
0 0.4015625 0.8296875 0.1515625 0.075
0 0.44453125 0.84375 0.1515625 0.059375
0 0.3921875 0.896875 0.1609375 0.065625