0 0.90625 0.8125 0.0890625 0.159375
0 0.85546875 0.80390625 0.11875 0.2234375
0 0.7796875 0.76953125 0.103125 0.21875
0 0.78359375 0.54296875 0.08125 0.1390625
0 0.87109375 0.36328125 0.08125 0.1375
0 0.63828125 0.27421875 0.08125 0.1203125
0 0.71875 0.509375 0.0625 0.128125
0 0.59765625 0.640625 0.128125 0.209375
0 0.58515625 0.47109375 0.090625 0.1703125
0 0.509375 0.60078125 0.103125 0.184375
0 0.475 0.6109375 0.103125 0.1828125
0 0.44140625 0.82109375 0.1828125 0.290625
0 0.3609375 0.6 0.09375 0.2140625
0 0.334375 0.609375 0.1125 0.225
0 0.2984375 0.571875 0.1078125 0.20625
0 0.196875 0.5890625 0.1296875 0.2265625
0 0.24140625 0.70546875 0.115625 0.1875
0 0.459375 0.490625 0.0765625 0.15625
0 0.3015625 0.44140625 0.1 0.1515625
0 0.18984375 0.35078125 0.096875 0.159375
0 0.16953125 0.3921875 0.08125 0.15625
0 0.125 0.33046875 0.0890625 0.16875