0 0.078125 0.790625 0.08125 0.15625
0 0.12890625 0.78515625 0.10625 0.221875
0 0.20546875 0.7546875 0.090625 0.21875
0 0.21484375 0.52734375 0.075 0.1375
0 0.13671875 0.34375 0.075 0.134375
0 0.3734375 0.2671875 0.0765625 0.11875
0 0.28125 0.4984375 0.0578125 0.128125
0 0.3953125 0.6359375 0.11875 0.20625
0 0.415625 0.4671875 0.084375 0.16875
0 0.4859375 0.60078125 0.09375 0.1828125
0 0.51953125 0.61171875 0.096875 0.1828125
0 0.540625 0.8234375 0.1703125 0.2859375
0 0.63359375 0.60703125 0.084375 0.2125
0 0.66015625 0.61796875 0.103125 0.2234375
0 0.6984375 0.5828125 0.0984375 0.20625
0 0.7984375 0.6046875 0.1203125 0.2234375
0 0.74765625 0.71875 0.1078125 0.184375
0 0.540625 0.49296875 0.06875 0.153125
0 0.7015625 0.45078125 0.096875 0.15
0 0.8171875 0.36640625 0.0890625 0.159375
0 0.83671875 0.40859375 0.075 0.15625
0 0.88203125 0.35078125 0.08125 0.165625