0 0.38359375 0.06875 0.11796875 0.08203125
0 0.7765625 0.01796875 0.09609375 0.0359375
0 0.8078125 0.03515625 0.10546875 0.06953125
0 0.77890625 0.11796875 0.103125 0.0890625
0 0.89453125 0.19453125 0.11328125 0.084375
0 0.80625 0.21484375 0.10078125 0.06953125
0 0.946875 0.4078125 0.09609375 0.0765625
0 0.9640625 0.50234375 0.071875 0.0578125
0 0.91328125 0.5796875 0.0984375 0.0484375
0 0.8703125 0.6140625 0.0984375 0.05078125
0 0.87734375 0.65859375 0.09375 0.071875
0 0.89765625 0.6859375 0.10078125 0.07421875
0 0.3171875 0.28125 0.1421875 0.0984375
0 0.4 0.3453125 0.12734375 0.08203125
0 0.44453125 0.375 0.125 0.11328125
0 0.4328125 0.44609375 0.125 0.0671875
0 0.15859375 0.50703125 0.1296875 0.0984375
0 0.3546875 0.5 0.1421875 0.0984375
0 0.11875 0.87109375 0.1515625 0.09140625
0 0.4828125 0.69921875 0.12265625 0.0796875
0 0.35 0.79921875 0.1296875 0.0984375
0 0.328125 0.9515625 0.1296875 0.071875
0 0.5671875 0.43984375 0.1109375 0.0765625
0 0.56640625 0.5109375 0.11796875 0.07421875
0 0.60234375 0.5640625 0.103125 0.06484375
0 0.6578125 0.45703125 0.0984375 0.06015625