0 0.53125 0.03984375 0.071875 0.05
0 0.50390625 0.18125 0.090625 0.059375
0 0.8140625 0.08046875 0.096875 0.0578125
0 0.7875 0.103125 0.090625 0.0625
0 0.81953125 0.1890625 0.1109375 0.0875
0 0.79296875 0.28125 0.103125 0.0671875
0 0.70703125 0.271875 0.0984375 0.065625
0 0.66328125 0.48828125 0.1 0.065625
0 0.6515625 0.58203125 0.0984375 0.0453125
0 0.40390625 0.31640625 0.08125 0.05625
0 0.4 0.33984375 0.0671875 0.034375
0 0.3859375 0.35 0.0625 0.034375
0 0.49765625 0.50703125 0.0890625 0.05625
0 0.5375 0.53828125 0.065625 0.0453125
0 0.45078125 0.6609375 0.0796875 0.0484375
0 0.24296875 0.6078125 0.0671875 0.0265625
0 0.27421875 0.6734375 0.04375 0.03125
0 0.2328125 0.67421875 0.05 0.028125
0 0.26796875 0.75234375 0.0625 0.025
0 0.2546875 0.775 0.059375 0.03125
0 0.25859375 0.80390625 0.0625 0.0296875