0 0.40390625 0.0484375 0.075 0.0578125
0 0.415625 0.19375 0.096875 0.0671875
0 0.6859375 0.02265625 0.0984375 0.0453125
0 0.665625 0.03984375 0.096875 0.06875
0 0.72109375 0.11328125 0.115625 0.096875
0 0.72109375 0.2078125 0.1078125 0.0765625
0 0.6359375 0.2234375 0.103125 0.075
0 0.65390625 0.44375 0.10625 0.075
0 0.6671875 0.5375 0.1 0.05625
0 0.35703125 0.35 0.084375 0.0625
0 0.3609375 0.3734375 0.06875 0.040625
0 0.3484375 0.38671875 0.065625 0.040625
0 0.5 0.50703125 0.090625 0.0625
0 0.546875 0.5265625 0.06875 0.053125
0 0.49765625 0.66796875 0.084375 0.05625
0 0.2828125 0.67421875 0.0671875 0.034375
0 0.33046875 0.728125 0.0453125 0.0359375
0 0.2921875 0.74140625 0.053125 0.034375
0 0.34609375 0.80625 0.0625 0.03125
0 0.33984375 0.83203125 0.0625 0.0359375
0 0.35234375 0.859375 0.0625 0.0359375