0 0.9515625 0.59609375 0.0578125 0.07421875
0 0.80625 0.584375 0.0671875 0.09609375
0 0.97734375 0.3140625 0.0453125 0.0984375
0 0.96015625 0.334375 0.06953125 0.09609375
0 0.88671875 0.27890625 0.09609375 0.115625
0 0.7921875 0.27890625 0.0765625 0.1078125
0 0.7765625 0.3640625 0.07421875 0.103125
0 0.55625 0.34609375 0.07421875 0.10546875
0 0.4625 0.3328125 0.05546875 0.10078125
0 0.65 0.64296875 0.0625 0.084375
0 0.6265625 0.6390625 0.040625 0.06953125
0 0.61328125 0.6515625 0.040625 0.06484375
0 0.49296875 0.5 0.0625 0.09140625
0 0.4734375 0.453125 0.053125 0.06953125
0 0.33203125 0.50234375 0.05546875 0.084375
0 0.32578125 0.7171875 0.03359375 0.0671875
0 0.271875 0.66953125 0.0359375 0.0453125
0 0.25859375 0.7078125 0.03359375 0.053125
0 0.19375 0.65390625 0.03125 0.0625
0 0.16796875 0.66015625 0.0359375 0.0625
0 0.140625 0.64765625 0.0359375 0.0625