0 0.234375 0.77421875 0.09609375 0.2359375
0 0.2921875 0.69375 0.09140625 0.2046875
0 0.359375 0.75859375 0.1109375 0.2328125
0 0.42890625 0.66953125 0.07421875 0.1734375
0 0.49296875 0.71875 0.0984375 0.228125
0 0.6140625 0.803125 0.10078125 0.24765625
0 0.64921875 0.7390625 0.09609375 0.2328125
0 0.74296875 0.78515625 0.11328125 0.240625
0 0.69375 0.61328125 0.09375 0.21875
0 0.76796875 0.5953125 0.09375 0.1703125
0 0.60078125 0.5734375 0.084375 0.1609375
0 0.5578125 0.5640625 0.0625 0.18046875
0 0.8703125 0.43515625 0.0796875 0.15625
0 0.96015625 0.47578125 0.05546875 0.17578125
0 0.834375 0.39765625 0.06484375 0.1515625
0 0.89296875 0.40234375 0.0765625 0.134375
0 0.86640625 0.296875 0.040625 0.11328125
0 0.90625 0.2640625 0.03828125 0.0984375
0 0.94453125 0.275 0.06015625 0.12265625