0 0.83984375 0.67421875 0.246875 0.146875
0 0.74609375 0.6421875 0.215625 0.134375
0 0.78828125 0.55859375 0.25 0.159375
0 0.6828125 0.51796875 0.1828125 0.1109375
0 0.71171875 0.44375 0.24375 0.146875
0 0.75703125 0.3015625 0.259375 0.1515625
0 0.68515625 0.2875 0.2453125 0.146875
0 0.7015625 0.18515625 0.25625 0.1625
0 0.5515625 0.2828125 0.23125 0.1390625
0 0.51171875 0.21484375 0.184375 0.1296875
0 0.540625 0.38203125 0.1734375 0.11875
0 0.54296875 0.4265625 0.184375 0.0984375
0 0.3296875 0.16484375 0.16875 0.1125
0 0.3421875 0.0671875 0.18125 0.09375
0 0.30390625 0.21015625 0.159375 0.096875
0 0.2921875 0.15234375 0.146875 0.103125
0 0.1984375 0.209375 0.11875 0.065625
0 0.1546875 0.18046875 0.103125 0.059375
0 0.1546875 0.140625 0.1296875 0.084375