0 0.03828125 0.78515625 0.0765625 0.12265625
0 0.0953125 0.85 0.125 0.1390625
0 0.359375 0.525 0.09375 0.11796875
0 0.5109375 0.50390625 0.08671875 0.13203125
0 0.53515625 0.52734375 0.1109375 0.12734375
0 0.85078125 0.8640625 0.103125 0.1203125
0 0.4328125 0.30546875 0.09375 0.125
0 0.54453125 0.3546875 0.09609375 0.115625
0 0.51796875 0.2765625 0.06484375 0.115625
0 0.55078125 0.24296875 0.06953125 0.09609375
0 0.57421875 0.1890625 0.0765625 0.1109375
0 0.6296875 0.21015625 0.06015625 0.084375
0 0.671875 0.21171875 0.0671875 0.1203125
0 0.70703125 0.2171875 0.09140625 0.0984375
0 0.69375 0.1671875 0.0671875 0.1109375