0 0.2765625 0.12578125 0.20625 0.2125
0 0.11328125 0.1015625 0.1296875 0.1375
0 0.0890625 0.36484375 0.178125 0.203125
0 0.4015625 0.37421875 0.2453125 0.209375
0 0.696875 0.471875 0.215625 0.190625
0 0.759375 0.5875 0.196875 0.18125
0 0.803125 0.67734375 0.1625 0.190625
0 0.74765625 0.73671875 0.196875 0.175
0 0.86328125 0.87421875 0.1828125 0.1859375
0 0.6109375 0.7890625 0.134375 0.15625
0 0.57421875 0.7015625 0.159375 0.19375
0 0.41796875 0.69921875 0.15 0.2
0 0.334375 0.69453125 0.1390625 0.2
0 0.52421875 0.90078125 0.1296875 0.1703125
0 0.4421875 0.88828125 0.096875 0.1375
0 0.35078125 0.84609375 0.1625 0.175
0 0.2984375 0.81484375 0.16875 0.1703125
0 0.25234375 0.775 0.1390625 0.1375
0 0.196875 0.72734375 0.10625 0.109375
0 0.16328125 0.63984375 0.134375 0.1703125
0 0.05078125 0.53046875 0.1 0.1609375