0 0.86015625 0.25 0.22734375 0.21640625
0 0.86953125 0.084375 0.146875 0.1390625
0 0.60390625 0.0890625 0.21328125 0.178125
0 0.61875 0.39453125 0.22265625 0.259375
0 0.54296875 0.69453125 0.19921875 0.22578125
0 0.43125 0.7640625 0.19453125 0.20703125
0 0.34375 0.81484375 0.19453125 0.1734375
0 0.2796875 0.7640625 0.18984375 0.20703125
0 0.1515625 0.8890625 0.19453125 0.1921875
0 0.21796875 0.6296875 0.165625 0.14453125
0 0.30546875 0.5890625 0.20390625 0.1734375
0 0.29609375 0.4328125 0.20859375 0.16328125
0 0.29375 0.3484375 0.20859375 0.15390625
0 0.1015625 0.55078125 0.175 0.1390625
0 0.109375 0.47109375 0.1421875 0.10546875
0 0.14453125 0.37734375 0.18046875 0.1734375
0 0.17265625 0.321875 0.18046875 0.178125
0 0.20859375 0.271875 0.146875 0.14921875
0 0.2515625 0.2140625 0.1140625 0.1109375
0 0.33671875 0.1734375 0.175 0.14453125
0 0.43125 0.05078125 0.1609375 0.10078125