0 0.928125 0.14609375 0.14375 0.1484375
0 0.93046875 0.2328125 0.1390625 0.1109375
0 0.95703125 0.246875 0.0859375 0.090625
0 0.93046875 0.31953125 0.1390625 0.090625
0 0.90859375 0.396875 0.1828125 0.1390625
0 0.875 0.459375 0.20625 0.134375
0 0.81484375 0.50234375 0.2125 0.1625
0 0.77890625 0.5765625 0.2125 0.1921875
0 0.6828125 0.44921875 0.1734375 0.1109375
0 0.7046875 0.65390625 0.1875 0.10625
0 0.68984375 0.7015625 0.1921875 0.1296875
0 0.63671875 0.728125 0.1875 0.134375
0 0.53359375 0.6734375 0.1625 0.115625
0 0.58671875 0.80078125 0.20625 0.125
0 0.5484375 0.834375 0.178125 0.090625
0 0.5171875 0.86796875 0.1734375 0.1
0 0.49765625 0.88671875 0.2015625 0.08125
0 0.47578125 0.91328125 0.1828125 0.096875
0 0.3890625 0.91328125 0.1828125 0.125
0 0.303125 0.83203125 0.2015625 0.1390625
0 0.2359375 0.6828125 0.16875 0.10625
0 0.2234375 0.553125 0.1921875 0.1625
0 0.2046875 0.49296875 0.178125 0.1109375
0 0.2046875 0.77421875 0.1625 0.1109375