0 0.071875 0.14609375 0.14375 0.1484375
0 0.06953125 0.2328125 0.1390625 0.1109375
0 0.04296875 0.246875 0.0859375 0.090625
0 0.06953125 0.31953125 0.1390625 0.090625
0 0.09140625 0.396875 0.1828125 0.1390625
0 0.125 0.459375 0.20625 0.134375
0 0.18515625 0.50234375 0.2125 0.1625
0 0.22109375 0.5765625 0.2125 0.1921875
0 0.3171875 0.44921875 0.1734375 0.1109375
0 0.2953125 0.65390625 0.1875 0.10625
0 0.31015625 0.7015625 0.1921875 0.1296875
0 0.36328125 0.728125 0.1875 0.134375
0 0.46640625 0.6734375 0.1625 0.115625
0 0.41328125 0.80078125 0.20625 0.125
0 0.4515625 0.834375 0.178125 0.090625
0 0.4828125 0.86796875 0.1734375 0.1
0 0.50234375 0.88671875 0.2015625 0.08125
0 0.52421875 0.91328125 0.1828125 0.096875
0 0.6109375 0.91328125 0.1828125 0.125
0 0.696875 0.83203125 0.2015625 0.1390625
0 0.7640625 0.6828125 0.16875 0.10625
0 0.7765625 0.553125 0.1921875 0.1625
0 0.7953125 0.49296875 0.178125 0.1109375
0 0.7953125 0.77421875 0.1625 0.1109375