0 0.11328125 0.90625 0.14453125 0.16796875
0 0.19921875 0.91328125 0.10546875 0.15390625
0 0.21171875 0.9421875 0.08671875 0.10546875
0 0.2859375 0.91796875 0.08671875 0.15390625
0 0.3609375 0.90390625 0.1296875 0.1828125
0 0.42578125 0.86796875 0.125 0.196875
0 0.47578125 0.81484375 0.15390625 0.20703125
0 0.553125 0.78359375 0.1828125 0.20703125
0 0.43515625 0.678125 0.10546875 0.16796875
0 0.634375 0.71640625 0.09609375 0.1828125
0 0.68515625 0.70703125 0.1203125 0.1828125
0 0.71640625 0.65859375 0.125 0.178125
0 0.6703125 0.5484375 0.1109375 0.15859375
0 0.790625 0.61328125 0.115625 0.196875
0 0.8265625 0.5765625 0.08671875 0.1734375
0 0.865625 0.55078125 0.09609375 0.16796875
0 0.88671875 0.53125 0.071875 0.196875
0 0.91328125 0.51171875 0.08671875 0.178125
0 0.9234375 0.42578125 0.1203125 0.1734375
0 0.84609375 0.334375 0.1296875 0.1921875
0 0.7046875 0.25234375 0.10078125 0.16328125
0 0.5765625 0.23046875 0.15390625 0.1875
0 0.51953125 0.2046875 0.10546875 0.1734375
0 0.7984375 0.228125 0.10546875 0.15859375