0 0.19453125 0.46640625 0.1296875 0.125
0 0.34140625 0.696875 0.1 0.134375
0 0.4015625 0.6109375 0.096875 0.159375
0 0.46875 0.59140625 0.10625 0.16875
0 0.59140625 0.759375 0.10625 0.1203125
0 0.540625 0.7859375 0.090625 0.1109375
0 0.875 0.55078125 0.115625 0.153125
0 0.8921875 0.64921875 0.090625 0.14375
0 0.80546875 0.7765625 0.090625 0.1203125
0 0.76953125 0.865625 0.096875 0.1203125
0 0.74765625 0.90859375 0.08125 0.125
0 0.9515625 0.7015625 0.0765625 0.125
0 0.96640625 0.76171875 0.0671875 0.1390625