0 0.50703125 0.1921875 0.14375 0.14375
0 0.71640625 0.3703125 0.14375 0.1203125
0 0.62265625 0.41796875 0.16875 0.115625
0 0.59375 0.48046875 0.178125 0.125
0 0.7453125 0.625 0.134375 0.1203125
0 0.77890625 0.58203125 0.1203125 0.10625
0 0.49765625 0.8796875 0.16875 0.134375
0 0.59140625 0.90859375 0.153125 0.1109375
0 0.73046875 0.84140625 0.1296875 0.10625
0 0.82421875 0.8171875 0.1296875 0.1109375
0 0.8703125 0.803125 0.134375 0.096875
0 0.63671875 0.9640625 0.1296875 0.071875
0 0.69453125 0.978125 0.15 0.04375