0 0.271875 0.52421875 0.153125 0.1390625
0 0.3125 0.48828125 0.1296875 0.134375
0 0.56484375 0.43046875 0.134375 0.1296875
0 0.59375 0.3296875 0.10625 0.1203125
0 0.78125 0.2546875 0.1203125 0.134375
0 0.75234375 0.17578125 0.096875 0.1296875
0 0.75234375 0.3703125 0.115625 0.14375
0 0.6875 0.46640625 0.1 0.115625
0 0.5796875 0.66796875 0.15 0.159375
0 0.66328125 0.634375 0.115625 0.1203125
0 0.6296875 0.834375 0.134375 0.134375
0 0.68984375 0.78359375 0.1203125 0.1390625
0 0.68984375 0.93984375 0.14375 0.1203125
0 0.8703125 0.87734375 0.1109375 0.10625
0 0.95703125 0.38203125 0.0859375 0.1296875
0 0.90390625 0.44453125 0.115625 0.134375
0 0.77421875 0.49296875 0.115625 0.125
0 0.76953125 0.55078125 0.090625 0.0875
0 0.7640625 0.68046875 0.1 0.134375
0 0.8125 0.61796875 0.10625 0.115625
0 0.87734375 0.63203125 0.08125 0.0921875
0 0.81953125 0.70703125 0.090625 0.115625
0 0.9375 0.678125 0.1 0.10625
0 0.896875 0.75 0.1109375 0.1296875
0 0.959375 0.76953125 0.0578125 0.125
0 0.92109375 0.95625 0.1109375 0.0875