0 0.28359375 0.57421875 0.1625 0.15
0 0.31484375 0.52890625 0.1390625 0.14375
0 0.5484375 0.415625 0.14375 0.1390625
0 0.553125 0.3125 0.115625 0.1296875
0 0.71875 0.196875 0.1296875 0.1390625
0 0.6734375 0.12734375 0.10625 0.134375
0 0.71640625 0.3171875 0.125 0.153125
0 0.67578125 0.42578125 0.10625 0.125
0 0.615625 0.646875 0.159375 0.16875
0 0.68984375 0.59375 0.1203125 0.1296875
0 0.7015625 0.7953125 0.14375 0.1453125
0 0.74765625 0.7328125 0.1296875 0.1453125
0 0.7859375 0.884375 0.15 0.1296875
0 0.94453125 0.78359375 0.1109375 0.115625
0 0.92578125 0.28359375 0.1109375 0.1390625
0 0.8796875 0.353125 0.125 0.14375
0 0.7671875 0.43046875 0.125 0.134375
0 0.77421875 0.48828125 0.096875 0.096875
0 0.7984375 0.615625 0.1109375 0.14375
0 0.83203125 0.5453125 0.1109375 0.125
0 0.896875 0.54296875 0.090625 0.096875
0 0.8578125 0.62734375 0.096875 0.1203125
0 0.95703125 0.571875 0.0859375 0.115625
0 0.9421875 0.6515625 0.115625 0.1390625
0 0.98828125 0.6578125 0.0234375 0.125
0 0.978125 0.86328125 0.04375 0.1296875