0 0.28359375 0.5796875 0.16328125 0.15390625
0 0.31484375 0.53359375 0.1390625 0.14453125
0 0.5453125 0.415625 0.14453125 0.1390625
0 0.55078125 0.31015625 0.115625 0.1296875
0 0.7140625 0.19453125 0.1296875 0.14453125
0 0.665625 0.125 0.10546875 0.1390625
0 0.7140625 0.3125 0.1296875 0.15390625
0 0.67578125 0.4234375 0.1109375 0.125
0 0.61796875 0.64453125 0.16328125 0.1734375
0 0.6921875 0.59140625 0.125 0.1296875
0 0.70703125 0.79296875 0.14453125 0.14453125
0 0.75234375 0.728125 0.1296875 0.14921875
0 0.790625 0.8796875 0.15390625 0.134375
0 0.94453125 0.7765625 0.1109375 0.1203125
0 0.9234375 0.2765625 0.1109375 0.1390625
0 0.87734375 0.3484375 0.125 0.14453125
0 0.7640625 0.42578125 0.125 0.134375
0 0.77421875 0.4828125 0.10078125 0.09609375
0 0.80078125 0.6109375 0.1109375 0.14453125
0 0.83203125 0.53828125 0.115625 0.125
0 0.896875 0.53828125 0.09140625 0.10078125
0 0.8609375 0.62265625 0.10078125 0.125
0 0.95625 0.5671875 0.0875 0.115625
0 0.9421875 0.646875 0.115625 0.1390625
0 0.9875 0.6484375 0.025 0.125
0 0.978125 0.8578125 0.04296875 0.1296875