0 0.58671875 0.92421875 0.3609375 0.1515625
0 0.5625 0.84375 0.3265625 0.134375
0 0.55859375 0.7359375 0.35078125 0.1109375
0 0.53359375 0.69140625 0.4375 0.2140625
0 0.57109375 0.62109375 0.3296875 0.09609375
0 0.54296875 0.57421875 0.3796875 0.11796875
0 0.5609375 0.52421875 0.41796875 0.15859375
0 0.5625 0.4265625 0.34609375 0.1703125
0 0.57421875 0.3640625 0.3265625 0.09609375
0 0.5609375 0.26796875 0.3890625 0.12265625
0 0.58203125 0.1671875 0.34609375 0.13203125
0 0.5328125 0.05546875 0.38203125 0.1109375