0 0.6625 0.0625 0.3 0.125
0 0.66015625 0.15 0.321875 0.1375
0 0.64921875 0.20078125 0.3078125 0.128125
0 0.6453125 0.26171875 0.30625 0.10625
0 0.6421875 0.328125 0.2765625 0.1296875
0 0.63828125 0.4234375 0.290625 0.1375
0 0.61796875 0.50390625 0.278125 0.11875
0 0.62734375 0.5875 0.275 0.1296875
0 0.6234375 0.6828125 0.2671875 0.125
0 0.61328125 0.7609375 0.2671875 0.121875
0 0.61328125 0.8453125 0.253125 0.125
0 0.60078125 0.915625 0.2765625 0.1140625
0 0.58203125 0.96484375 0.3171875 0.0703125