0 0.85234375 0.91796875 0.2953125 0.1296875
0 0.8375 0.80859375 0.325 0.1125
0 0.7953125 0.7140625 0.30625 0.13125
0 0.73046875 0.67421875 0.3125 0.1625
0 0.696875 0.571875 0.31875 0.1375
0 0.72734375 0.4515625 0.290625 0.15625
0 0.6265625 0.46640625 0.3078125 0.121875
0 0.55078125 0.43984375 0.23125 0.1
0 0.478125 0.39765625 0.18125 0.10625
0 0.75625 0.03828125 0.2375 0.0765625
0 0.7671875 0.10234375 0.2640625 0.1
0 0.62890625 0.09375 0.31875 0.1375
0 0.69921875 0.171875 0.24375 0.103125
0 0.665625 0.225 0.24375 0.0984375
0 0.50703125 0.21015625 0.309375 0.1421875
0 0.2984375 0.36640625 0.2640625 0.1203125
0 0.3125 0.478125 0.325 0.128125
0 0.3375 0.56875 0.340625 0.14375
0 0.42890625 0.59140625 0.1421875 0.084375