0 0.12109375 0.86484375 0.2421875 0.1671875
0 0.14296875 0.759375 0.2859375 0.15390625
0 0.1765625 0.6703125 0.31484375 0.1703125
0 0.24609375 0.640625 0.3265625 0.2015625
0 0.29453125 0.54453125 0.3265625 0.178125
0 0.28125 0.4203125 0.303125 0.1921875
0 0.3796875 0.4484375 0.31484375 0.1609375
0 0.459375 0.43359375 0.2359375 0.1296875
0 0.5359375 0.40234375 0.18984375 0.12734375
0 0.3109375 0.03125 0.24296875 0.0625
0 0.290625 0.06953125 0.271875 0.134375
0 0.428125 0.084375 0.3265625 0.16796875
0 0.3484375 0.146875 0.24765625 0.134375
0 0.375 0.2046875 0.24765625 0.1296875
0 0.53359375 0.21171875 0.31953125 0.18046875
0 0.71875 0.396875 0.271875 0.15390625
0 0.6890625 0.50390625 0.33203125 0.1703125
0 0.65 0.58984375 0.3484375 0.1875
0 0.55625 0.60078125 0.14921875 0.10078125