0 0.87265625 0.875 0.1625 0.25
0 0.7640625 0.853125 0.15 0.29375
0 0.6765625 0.81953125 0.165625 0.3125
0 0.64453125 0.7515625 0.196875 0.325
0 0.5484375 0.7046875 0.1734375 0.3265625
0 0.42578125 0.7203125 0.1875 0.303125
0 0.45078125 0.62109375 0.15625 0.315625
0 0.43359375 0.5421875 0.128125 0.2359375
0 0.4015625 0.46484375 0.125 0.1875
0 0.0328125 0.69609375 0.065625 0.24375
0 0.0734375 0.71640625 0.13125 0.271875
0 0.084375 0.5765625 0.16875 0.3265625
0 0.14921875 0.6578125 0.13125 0.246875
0 0.20703125 0.63125 0.128125 0.246875
0 0.21171875 0.47265625 0.175 0.3171875
0 0.39296875 0.2828125 0.15 0.271875
0 0.5015625 0.3109375 0.165625 0.33125
0 0.5875 0.34765625 0.1828125 0.3484375
0 0.6 0.44140625 0.0984375 0.15