0 0.03125 0.13203125 0.0625 0.08671875
0 0.03515625 0.19609375 0.06953125 0.0984375
0 0.0359375 0.26796875 0.071875 0.11328125
0 0.046875 0.31953125 0.09375 0.1390625
0 0.0796875 0.3703125 0.146875 0.14453125
0 0.10703125 0.4078125 0.134375 0.14921875
0 0.2046875 0.4515625 0.146875 0.1515625
0 0.29921875 0.47578125 0.125 0.14921875
0 0.3609375 0.49140625 0.09375 0.1421875
0 0.428125 0.5015625 0.084375 0.134375
0 0.47265625 0.49140625 0.09140625 0.14453125
0 0.5296875 0.4828125 0.09609375 0.13671875
0 0.60234375 0.45703125 0.11796875 0.13671875
0 0.66796875 0.39765625 0.1203125 0.1421875
0 0.72265625 0.3484375 0.1296875 0.15390625
0 0.75859375 0.26171875 0.14453125 0.1515625
0 0.8015625 0.2125 0.1390625 0.146875
0 0.81640625 0.13671875 0.15859375 0.1421875
0 0.82109375 0.05625 0.1515625 0.1125