0 0.1671875 0.9625 0.121875 0.075
0 0.134375 0.9078125 0.134375 0.1078125
0 0.125 0.85546875 0.153125 0.13125
0 0.16328125 0.78359375 0.1421875 0.1390625
0 0.17421875 0.7390625 0.1296875 0.14375
0 0.24609375 0.66015625 0.1390625 0.146875
0 0.32421875 0.60078125 0.1203125 0.14375
0 0.375 0.5625 0.0890625 0.1390625
0 0.4328125 0.52734375 0.0796875 0.13125
0 0.47734375 0.51796875 0.084375 0.14375
0 0.53359375 0.50390625 0.090625 0.134375
0 0.6109375 0.5 0.1125 0.134375
0 0.69453125 0.52734375 0.1125 0.1390625
0 0.7640625 0.5515625 0.125 0.1515625
0 0.83046875 0.61875 0.1375 0.146875
0 0.8890625 0.646875 0.134375 0.14375
0 0.928125 0.709375 0.14375 0.134375
0 0.94921875 0.7875 0.1 0.121875
0 0.9625 0.87109375 0.075 0.09375