0 0.04609375 0.35546875 0.0921875 0.2546875
0 0.12265625 0.459375 0.134375 0.2015625
0 0.22734375 0.3765625 0.13125 0.2765625
0 0.2796875 0.18046875 0.13125 0.2984375
0 0.43984375 0.14296875 0.14375 0.2859375
0 0.6765625 0.18359375 0.1703125 0.3375
0 0.759375 0.196875 0.1109375 0.275
0 0.85703125 0.2234375 0.0796875 0.1625
0 0.9375 0.31015625 0.1078125 0.2375
0 0.48046875 0.50390625 0.103125 0.196875
0 0.6734375 0.46875 0.103125 0.159375
0 0.66953125 0.6078125 0.0796875 0.1390625
0 0.06640625 0.7046875 0.096875 0.1625
0 0.1109375 0.72265625 0.0765625 0.153125
0 0.1578125 0.79453125 0.090625 0.1390625
0 0.22734375 0.7390625 0.0625 0.15625
0 0.29921875 0.7203125 0.084375 0.15
0 0.43125 0.70078125 0.0625 0.15