0 0.046875 0.67578125 0.090625 0.25
0 0.1265625 0.5671875 0.1203125 0.19375
0 0.23671875 0.6421875 0.115625 0.26875
0 0.303125 0.834375 0.1125 0.29375
0 0.4640625 0.859375 0.125 0.28125
0 0.6984375 0.803125 0.146875 0.3265625
0 0.7796875 0.78359375 0.090625 0.26875
0 0.875 0.75 0.0671875 0.159375
0 0.94921875 0.66015625 0.09375 0.2328125
0 0.48046875 0.49765625 0.0890625 0.1921875
0 0.67578125 0.51953125 0.09375 0.153125
0 0.6625 0.3796875 0.06875 0.134375
0 0.053125 0.32578125 0.084375 0.159375
0 0.09609375 0.30546875 0.0671875 0.15
0 0.13828125 0.23046875 0.08125 0.134375
0 0.21171875 0.28125 0.053125 0.1515625
0 0.28515625 0.29453125 0.075 0.146875
0 0.41796875 0.30546875 0.053125 0.14375