0 0.95390625 0.35546875 0.0921875 0.2546875
0 0.87734375 0.459375 0.134375 0.2015625
0 0.77265625 0.3765625 0.13203125 0.2765625
0 0.7203125 0.18046875 0.13203125 0.2984375
0 0.56015625 0.14296875 0.14453125 0.2859375
0 0.3234375 0.18359375 0.1703125 0.33671875
0 0.240625 0.196875 0.1109375 0.27421875
0 0.14296875 0.2234375 0.0796875 0.16328125
0 0.0625 0.31015625 0.1078125 0.23828125
0 0.51953125 0.50390625 0.103125 0.196875
0 0.3265625 0.46875 0.103125 0.15859375
0 0.33046875 0.6078125 0.0796875 0.1390625
0 0.93359375 0.7046875 0.09609375 0.16328125
0 0.8890625 0.72265625 0.0765625 0.15390625
0 0.8421875 0.79453125 0.09140625 0.1390625
0 0.77265625 0.7390625 0.0625 0.15625
0 0.70078125 0.7203125 0.084375 0.14921875
0 0.56875 0.70078125 0.0625 0.14921875