0 0.4890625 0.6515625 0.12734375 0.2234375
0 0.17890625 0.821875 0.15390625 0.23828125
0 0.03828125 0.79296875 0.0765625 0.20703125
0 0.0953125 0.81875 0.14921875 0.20703125
0 0.1234375 0.61328125 0.13671875 0.2546875
0 0.0640625 0.59375 0.11796875 0.240625
0 0.03828125 0.5765625 0.0765625 0.23046875
0 0.7484375 0.81015625 0.14921875 0.2328125
0 0.80859375 0.80859375 0.10546875 0.1609375
0 0.59609375 0.45078125 0.11328125 0.20703125
0 0.36875 0.35234375 0.10546875 0.2234375
0 0.296875 0.3859375 0.1078125 0.2140625
0 0.28984375 0.2796875 0.1390625 0.24765625
0 0.0828125 0.31640625 0.12734375 0.23828125
0 0.046875 0.4515625 0.09375 0.20703125
0 0.4890625 0.26171875 0.12265625 0.259375
0 0.51953125 0.26171875 0.084375 0.17578125
0 0.86796875 0.2953125 0.1109375 0.1875
0 0.946875 0.28984375 0.10546875 0.228125
0 0.10078125 0.23671875 0.1203125 0.228125
0 0.15390625 0.20703125 0.1296875 0.2765625
0 0.35625 0.0921875 0.13125 0.184375
0 0.42421875 0.1703125 0.103125 0.228125
0 0.73828125 0.1671875 0.125 0.2328125
0 0.91953125 0.196875 0.09609375 0.19453125
0 0.95078125 0.203125 0.0984375 0.18984375
0 0.475 0.9328125 0.13203125 0.134375
0 0.65234375 0.33671875 0.10078125 0.18984375
0 0.5953125 0.353125 0.0984375 0.18515625
0 0.66328125 0.4640625 0.125 0.17578125
0 0.71015625 0.4109375 0.11796875 0.17578125