0 0.4484375 0.3578125 0.115625 0.221875
0 0.6609375 0.0953125 0.1390625 0.190625
0 0.8296875 0.06640625 0.125 0.13125
0 0.73984375 0.071875 0.1390625 0.14375
0 0.7984375 0.24375 0.121875 0.253125
0 0.8609375 0.23828125 0.1 0.240625
0 0.9125 0.23046875 0.115625 0.228125
0 0.146875 0.31875 0.134375 0.23125
0 0.0921875 0.34375 0.096875 0.159375
0 0.43125 0.584375 0.1 0.20625
0 0.68046875 0.58203125 0.090625 0.2234375
0 0.73203125 0.521875 0.096875 0.2140625
0 0.78125 0.615625 0.125 0.2453125
0 0.94921875 0.49765625 0.1 0.2359375
0 0.94453125 0.3546875 0.1078125 0.2046875
0 0.60703125 0.7125 0.10625 0.259375
0 0.5796875 0.725 0.075 0.1734375
0 0.24609375 0.83671875 0.0984375 0.184375
0 0.165625 0.87890625 0.115625 0.225
0 0.95859375 0.578125 0.0828125 0.228125
0 0.93515625 0.62734375 0.1125 0.2765625
0 0.80390625 0.8328125 0.11875 0.225
0 0.703125 0.7703125 0.0890625 0.228125
0 0.4171875 0.89296875 0.1125 0.2140625
0 0.2390625 0.92421875 0.084375 0.1515625
0 0.20546875 0.93046875 0.09375 0.1390625
0 0.3421875 0.08515625 0.125 0.146875
0 0.428125 0.71171875 0.090625 0.1875
0 0.4734375 0.671875 0.0875 0.1828125
0 0.365625 0.6 0.115625 0.1703125
0 0.34375 0.6671875 0.1078125 0.1734375