0 0.64296875 0.54921875 0.221875 0.1109375
0 0.90234375 0.33046875 0.19375 0.1375
0 0.93125 0.1625 0.1375 0.121875
0 0.9265625 0.25234375 0.146875 0.134375
0 0.7515625 0.1984375 0.253125 0.11875
0 0.75625 0.1359375 0.240625 0.0984375
0 0.76171875 0.0828125 0.228125 0.1125
0 0.6875 0.85 0.228125 0.1328125
0 0.66328125 0.90390625 0.159375 0.09375
0 0.4171875 0.56953125 0.2046875 0.096875
0 0.41484375 0.32109375 0.221875 0.0890625
0 0.475 0.26796875 0.2140625 0.090625
0 0.3796875 0.22109375 0.24375 0.121875
0 0.4953125 0.04921875 0.2359375 0.0984375
0 0.63828125 0.053125 0.2046875 0.103125
0 0.28515625 0.396875 0.259375 0.1
0 0.27265625 0.42578125 0.1734375 0.071875
0 0.16796875 0.75859375 0.184375 0.096875
0 0.12734375 0.83984375 0.225 0.1140625
0 0.4140625 0.04140625 0.225 0.0828125
0 0.365625 0.0671875 0.2765625 0.1078125
0 0.1609375 0.2015625 0.2234375 0.115625
0 0.22578125 0.3015625 0.228125 0.084375
0 0.10859375 0.58984375 0.2171875 0.1078125
0 0.07734375 0.7703125 0.1546875 0.08125
0 0.07265625 0.80390625 0.1453125 0.0890625
0 0.9171875 0.65 0.14375 0.1234375
0 0.28984375 0.57578125 0.1875 0.0875
0 0.328125 0.5296875 0.1828125 0.084375
0 0.40234375 0.63671875 0.1703125 0.1125
0 0.33671875 0.65859375 0.1703125 0.10625