0 0.37890625 0.009375 0.0265625 0.01875
0 0.4 0.01328125 0.0359375 0.0265625
0 0.275 0.21015625 0.0375 0.053125
0 0.24140625 0.2125 0.040625 0.0625
0 0.16328125 0.2203125 0.0375 0.0578125
0 0.06953125 0.28125 0.028125 0.0625
0 0.0984375 0.296875 0.040625 0.0625
0 0.27890625 0.31953125 0.04375 0.0578125
0 0.303125 0.33046875 0.0359375 0.059375
0 0.546875 0.0828125 0.034375 0.05
0 0.5671875 0.08203125 0.034375 0.0578125
0 0.78984375 0.084375 0.0359375 0.059375
0 0.521875 0.2234375 0.03125 0.053125
0 0.57109375 0.203125 0.028125 0.065625
0 0.5953125 0.22578125 0.0375 0.053125
0 0.59765625 0.2609375 0.0359375 0.053125
0 0.66328125 0.16015625 0.0375 0.06875
0 0.69140625 0.18046875 0.040625 0.065625
0 0.8015625 0.17890625 0.03125 0.0578125
0 0.75390625 0.16953125 0.0265625 0.0578125
0 0.771875 0.1734375 0.03125 0.053125
0 0.6625 0.22109375 0.025 0.0453125
0 0.6765625 0.28125 0.0359375 0.05
0 0.6734375 0.34140625 0.0375 0.0578125
0 0.6359375 0.22109375 0.034375 0.053125
0 0.7640625 0.29453125 0.03125 0.05
0 0.78828125 0.234375 0.0359375 0.0578125
0 0.7328125 0.359375 0.0359375 0.0578125