0 0.00703125 0.60234375 0.0140625 0.0265625
0 0.0109375 0.5828125 0.021875 0.0359375
0 0.2015625 0.7140625 0.053125 0.040625
0 0.2046875 0.7484375 0.0625 0.040625
0 0.209375 0.8265625 0.0578125 0.040625
0 0.265625 0.921875 0.0625 0.03125
0 0.2828125 0.89453125 0.0625 0.040625
0 0.3125 0.71484375 0.0578125 0.0453125
0 0.3234375 0.69140625 0.06015625 0.03828125
0 0.084375 0.4390625 0.053125 0.0359375
0 0.08515625 0.41796875 0.06015625 0.0359375
0 0.0953125 0.19609375 0.0625 0.0359375
0 0.225 0.46875 0.05546875 0.03359375
0 0.20546875 0.41796875 0.06484375 0.03125
0 0.228125 0.3953125 0.053125 0.040625
0 0.2640625 0.39453125 0.053125 0.03828125
0 0.165625 0.32421875 0.06953125 0.040625
0 0.1859375 0.2984375 0.06484375 0.04296875
0 0.18984375 0.1875 0.0578125 0.03359375
0 0.178125 0.2359375 0.0578125 0.02890625
0 0.1828125 0.21640625 0.05546875 0.03359375
0 0.22734375 0.328125 0.0453125 0.02421875
0 0.2875 0.31484375 0.05078125 0.0359375
0 0.34765625 0.32109375 0.0578125 0.040625
0 0.22578125 0.3546875 0.05546875 0.0359375
0 0.30390625 0.228125 0.053125 0.03359375
0 0.24375 0.203125 0.0578125 0.03828125
0 0.36796875 0.26171875 0.0578125 0.03828125