0 0.91484375 0.07578125 0.0890625 0.05546875
0 0.81640625 0.3171875 0.0796875 0.04296875
0 0.8265625 0.48671875 0.0890625 0.05546875
0 0.80625 0.56953125 0.0625 0.03359375
0 0.7875 0.5890625 0.084375 0.03828125
0 0.74765625 0.49140625 0.0984375 0.03125
0 0.73671875 0.521875 0.0765625 0.040625
0 0.51953125 0.478125 0.09375 0.0359375
0 0.47578125 0.453125 0.08203125 0.05078125
0 0.28984375 0.35703125 0.10078125 0.0453125
0 0.14296875 0.31484375 0.09375 0.0484375
0 0.04921875 0.25 0.0984375 0.0484375
0 0.0484375 0.303125 0.09609375 0.0484375
0 0.06640625 0.38828125 0.10546875 0.053125
0 0.83671875 0.6453125 0.0796875 0.03359375
0 0.81640625 0.6875 0.0796875 0.03828125
0 0.81875 0.79453125 0.10546875 0.05078125
0 0.7609375 0.72109375 0.0765625 0.04296875
0 0.790625 0.75 0.08671875 0.04296875