0 0.17421875 0.06015625 0.18125 0.115625
0 0.290625 0.03828125 0.153125 0.0765625
0 0.31015625 0.1046875 0.1609375 0.0890625
0 0.1703125 0.1546875 0.1625 0.075
0 0.21015625 0.1875 0.1875 0.0890625
0 0.27890625 0.2171875 0.1609375 0.0875
0 0.19921875 0.3125 0.178125 0.103125
0 0.0890625 0.21640625 0.1390625 0.09375
0 0.1921875 0.4828125 0.165625 0.0875
0 0.1890625 0.55625 0.165625 0.071875
0 0.10078125 0.6078125 0.13125 0.0765625
0 0.075 0.503125 0.15 0.096875
0 0.0625 0.7046875 0.125 0.096875
0 0.0875 0.88359375 0.1625 0.0890625
0 0.04609375 0.93203125 0.0921875 0.0703125
0 0.375 0.45078125 0.184375 0.096875
0 0.37109375 0.546875 0.1734375 0.103125
0 0.2015625 0.6671875 0.146875 0.1140625
0 0.1734375 0.76171875 0.15625 0.1140625
0 0.2703125 0.91015625 0.165625 0.0984375
0 0.33984375 0.94453125 0.153125 0.0921875
0 0.6203125 0.1453125 0.178125 0.1375
0 0.64765625 0.26171875 0.18125 0.0890625
0 0.58515625 0.3890625 0.1921875 0.1
0 0.5625 0.49765625 0.1609375 0.0890625
0 0.4890625 0.6625 0.153125 0.0796875
0 0.49765625 0.73203125 0.16875 0.090625
0 0.5140625 0.85703125 0.1703125 0.10625
0 0.515625 0.9515625 0.15625 0.096875
0 0.7984375 0.06484375 0.15625 0.09375
0 0.7453125 0.21640625 0.165625 0.09375
0 0.7515625 0.2953125 0.16875 0.1078125
0 0.71015625 0.4109375 0.15 0.115625
0 0.6359375 0.540625 0.16875 0.0875
0 0.63828125 0.6671875 0.15625 0.08125
0 0.671875 0.63125 0.175 0.103125
0 0.67421875 0.75859375 0.1703125 0.096875
0 0.6703125 0.90390625 0.1609375 0.0875
0 0.82109375 0.421875 0.15625 0.103125
0 0.86796875 0.52734375 0.1625 0.0890625
0 0.8078125 0.71015625 0.1734375 0.10625
0 0.94921875 0.37734375 0.1 0.096875
0 0.9625 0.15234375 0.075 0.0890625
0 0.9046875 0.90390625 0.128125 0.071875
0 0.89765625 0.9640625 0.128125 0.071875
0 0.61875 0.9703125 0.178125 0.059375
0 0.56875 0.046875 0.1125 0.0796875
0 0.30859375 0.7484375 0.1703125 0.08125
0 0.5640625 0.89453125 0.1296875 0.0671875