0 0.93984375 0.82578125 0.115625 0.18046875
0 0.96171875 0.709375 0.0765625 0.15390625
0 0.8953125 0.68984375 0.0890625 0.1609375
0 0.8453125 0.8296875 0.07421875 0.16328125
0 0.8125 0.78984375 0.0890625 0.1875
0 0.7828125 0.72109375 0.08671875 0.1609375
0 0.6875 0.80078125 0.103125 0.178125
0 0.78359375 0.9109375 0.09375 0.1390625
0 0.5171875 0.8078125 0.08671875 0.165625
0 0.44375 0.8109375 0.071875 0.165625
0 0.3921875 0.89921875 0.0765625 0.13203125
0 0.496875 0.925 0.096875 0.15
0 0.2953125 0.9375 0.09609375 0.125
0 0.11640625 0.9125 0.0890625 0.16328125
0 0.06796875 0.95390625 0.0703125 0.0921875
0 0.54921875 0.625 0.09609375 0.18515625
0 0.453125 0.62890625 0.103125 0.1734375
0 0.3328125 0.7984375 0.11328125 0.146875
0 0.23828125 0.8265625 0.11328125 0.15625
0 0.08984375 0.7296875 0.0984375 0.165625
0 0.05546875 0.66015625 0.09140625 0.15390625
0 0.8546875 0.3796875 0.13671875 0.178125
0 0.73828125 0.35234375 0.0890625 0.18046875
0 0.6109375 0.41484375 0.10078125 0.1921875
0 0.50234375 0.4375 0.0890625 0.1609375
0 0.3375 0.5109375 0.0796875 0.15390625
0 0.26796875 0.50234375 0.09140625 0.16796875
0 0.14296875 0.4859375 0.10546875 0.1703125
0 0.0484375 0.484375 0.09609375 0.15625
0 0.93515625 0.2015625 0.09375 0.15625
0 0.78359375 0.2546875 0.09375 0.165625
0 0.7046875 0.2484375 0.1078125 0.16796875
0 0.5890625 0.28984375 0.115625 0.14921875
0 0.459375 0.3640625 0.08671875 0.16796875
0 0.3328125 0.36171875 0.08203125 0.15625
0 0.36875 0.328125 0.103125 0.17578125
0 0.24140625 0.32578125 0.09609375 0.1703125
0 0.09609375 0.3296875 0.08671875 0.1609375
0 0.578125 0.17890625 0.103125 0.15625
0 0.47265625 0.13203125 0.0890625 0.16328125
0 0.28984375 0.1921875 0.10546875 0.1734375
0 0.62265625 0.05078125 0.09609375 0.10078125
0 0.84765625 0.0375 0.0890625 0.07421875
0 0.09609375 0.0953125 0.071875 0.12734375
0 0.0359375 0.10234375 0.071875 0.12734375
0 0.0296875 0.38125 0.059375 0.178125
0 0.953125 0.43125 0.0796875 0.11328125
0 0.2515625 0.69140625 0.08203125 0.1703125
0 0.10546875 0.4359375 0.0671875 0.1296875