0 0.26328125 0.9078125 0.04375 0.0640625
0 0.3234375 0.9125 0.0375 0.053125
0 0.31015625 0.7765625 0.03125 0.053125
0 0.08046875 0.75 0.034375 0.05
0 0.07578125 0.71484375 0.03125 0.0484375
0 0.053125 0.73671875 0.034375 0.059375
0 0.0421875 0.72265625 0.021875 0.04375
0 0.1359375 0.67421875 0.0359375 0.0703125
0 0.3765625 0.8609375 0.034375 0.059375
0 0.40625 0.86875 0.03125 0.05
0 0.41796875 0.94921875 0.03125 0.059375
0 0.4390625 0.94375 0.0359375 0.0578125
0 0.46484375 0.9375 0.028125 0.053125
0 0.5359375 0.86875 0.0359375 0.0578125
0 0.59375 0.8546875 0.0375 0.0578125
0 0.68984375 0.9390625 0.028125 0.05
0 0.44609375 0.80546875 0.03125 0.05625
0 0.46875 0.7984375 0.034375 0.05625
0 0.2234375 0.7515625 0.0375 0.05625
0 0.19140625 0.76796875 0.0375 0.0578125
0 0.165625 0.6984375 0.0453125 0.0671875
0 0.26796875 0.69140625 0.040625 0.06875
0 0.3578125 0.71015625 0.0359375 0.065625
0 0.3890625 0.70703125 0.034375 0.059375
0 0.45546875 0.740625 0.0359375 0.0625
0 0.546875 0.75390625 0.0359375 0.0578125
0 0.30390625 0.61796875 0.03125 0.0625
0 0.23828125 0.62890625 0.040625 0.059375
0 0.2140625 0.62734375 0.0359375 0.0578125
0 0.2015625 0.615625 0.0359375 0.05625
0 0.15390625 0.60703125 0.040625 0.0609375
0 0.08203125 0.55546875 0.0375 0.0671875
0 0.28359375 0.5671875 0.0359375 0.059375
0 0.22578125 0.55625 0.040625 0.06875
0 0.1859375 0.553125 0.034375 0.053125
0 0.2046875 0.553125 0.034375 0.065625
0 0.38671875 0.5984375 0.0359375 0.0671875
0 0.43359375 0.60703125 0.0375 0.059375
0 0.4859375 0.55078125 0.0359375 0.0625
0 0.41328125 0.5453125 0.0375 0.065625
0 0.2234375 0.4984375 0.0375 0.065625
0 0.334375 0.47109375 0.0359375 0.0625
0 0.3640625 0.46171875 0.040625 0.0671875
0 0.353125 0.4546875 0.04375 0.0578125
0 0.0171875 0.47734375 0.034375 0.065625
0 0.1203125 0.4484375 0.0375 0.0671875
0 0.2390625 0.43984375 0.040625 0.0671875
0 0.2703125 0.43125 0.034375 0.065625
0 0.27890625 0.35703125 0.034375 0.065625
0 0.50234375 0.4515625 0.04375 0.0578125
0 0.34140625 0.59375 0.0359375 0.0578125
0 0.453125 0.27734375 0.034375 0.0625
0 0.4828125 0.28828125 0.0359375 0.065625
0 0.525 0.35234375 0.0359375 0.0625
0 0.140625 0.3125 0.0359375 0.053125
0 0.1609375 0.31640625 0.0359375 0.0625
0 0.18515625 0.32421875 0.0375 0.0671875
0 0.2078125 0.30390625 0.0375 0.065625
0 0.21640625 0.359375 0.0375 0.065625
0 0.24296875 0.34375 0.04375 0.06875
0 0.36796875 0.39453125 0.0359375 0.0625
0 0.36640625 0.334375 0.03125 0.0625
0 0.38203125 0.2203125 0.04375 0.0671875
0 0.2078125 0.1625 0.03125 0.0625
0 0.2296875 0.16328125 0.0359375 0.065625
0 0.10234375 0.25390625 0.040625 0.06875
0 0.396875 0.13828125 0.0484375 0.075
0 0.36328125 0.165625 0.0375 0.065625
0 0.33046875 0.1546875 0.034375 0.0625
0 0.4703125 0.0625 0.0375 0.0671875
0 0.5296875 0.09609375 0.0359375 0.0625
0 0.57109375 0.1765625 0.04375 0.06875
0 0.80390625 0.76953125 0.034375 0.0578125
0 0.7046875 0.5328125 0.040625 0.06875
0 0.6140625 0.52890625 0.0359375 0.059375
0 0.7703125 0.625 0.0265625 0.053125
0 0.8578125 0.64453125 0.040625 0.0609375
0 0.69609375 0.3484375 0.0359375 0.059375
0 0.7328125 0.3609375 0.0375 0.0578125
0 0.765625 0.4078125 0.0359375 0.059375
0 0.87890625 0.43984375 0.0359375 0.0625
0 0.91953125 0.43125 0.034375 0.059375
0 0.9421875 0.4515625 0.03125 0.053125
0 0.90625 0.35546875 0.0359375 0.0625
0 0.86640625 0.51171875 0.03125 0.065625
0 0.85 0.5171875 0.034375 0.059375
0 0.68984375 0.2671875 0.0359375 0.053125
0 0.76171875 0.271875 0.0375 0.0625
0 0.78828125 0.27734375 0.028125 0.05625
0 0.72734375 0.203125 0.040625 0.06875
0 0.7609375 0.20546875 0.040625 0.0671875
0 0.8953125 0.1453125 0.0453125 0.071875
0 0.75 0.13359375 0.0359375 0.0625
0 0.7703125 0.140625 0.0375 0.065625
0 0.78984375 0.0609375 0.040625 0.0671875
0 0.8390625 0.0609375 0.0359375 0.065625
0 0.67578125 0.05390625 0.040625 0.071875
0 0.64921875 0.05859375 0.040625 0.06875
0 0.6078125 0.0453125 0.04375 0.0671875
0 0.57421875 0.040625 0.04375 0.075
0 0.87890625 0.0140625 0.0359375 0.028125
0 0.86875 0.22265625 0.0375 0.0625
0 0.40859375 0.25703125 0.0453125 0.0671875
0 0.625 0.3578125 0.028125 0.05625
0 0.7921875 0.37734375 0.0359375 0.0578125
0 0.72578125 0.5375 0.0265625 0.05625
0 0.74296875 0.5421875 0.034375 0.053125
0 0.77421875 0.55546875 0.03125 0.05625
0 0.9515625 0.625 0.034375 0.0546875
0 0.96875 0.68515625 0.0375 0.0671875
0 0.87890625 0.74609375 0.028125 0.05625
0 0.92578125 0.75703125 0.040625 0.071875
0 0.984375 0.74140625 0.03125 0.059375
0 0.8296875 0.7609375 0.034375 0.065625
0 0.84609375 0.8015625 0.0359375 0.0578125
0 0.7078125 0.95078125 0.034375 0.053125
0 0.54453125 0.9234375 0.03125 0.053125
0 0.52421875 0.5828125 0.03125 0.05
0 0.5671875 0.55078125 0.0375 0.05625
0 0.6578125 0.34765625 0.0359375 0.065625
0 0.678125 0.3453125 0.0359375 0.05625
0 0.53125 0.4578125 0.0453125 0.071875
0 0.89453125 0.6703125 0.0359375 0.059375
0 0.9375 0.64921875 0.034375 0.05625
0 0.8265625 0.64453125 0.03125 0.0625
0 0.796875 0.64765625 0.03125 0.0578125
0 0.7859375 0.63359375 0.028125 0.059375
0 0.30546875 0.2078125 0.0375 0.065625
0 0.275 0.18046875 0.03125 0.059375
0 0.4703125 0.41015625 0.028125 0.0625
0 0.49296875 0.40390625 0.034375 0.0671875
0 0.04453125 0.24375 0.0484375 0.08125