0 0.134375 0.203125 0.059375 0.0359375
0 0.1203125 0.2609375 0.0484375 0.03125
0 0.25625 0.26796875 0.05 0.025
0 0.31953125 0.046875 0.0484375 0.0265625
0 0.3546875 0.0484375 0.0453125 0.025
0 0.33671875 0.021875 0.0578125 0.0265625
0 0.35234375 0.01328125 0.040625 0.0171875
0 0.3859375 0.11328125 0.0671875 0.0265625
0 0.16328125 0.32109375 0.0578125 0.0265625
0 0.15 0.35 0.0484375 0.025
0 0.06875 0.35 0.0578125 0.025
0 0.071875 0.3703125 0.05625 0.028125
0 0.0734375 0.39765625 0.05 0.021875
0 0.1296875 0.478125 0.05625 0.028125
0 0.134375 0.5375 0.053125 0.03125
0 0.0375 0.61875 0.0484375 0.021875
0 0.20703125 0.39921875 0.053125 0.025
0 0.21015625 0.4234375 0.053125 0.0265625
0 0.2953125 0.1875 0.05 0.03125
0 0.28359375 0.15234375 0.053125 0.03125
0 0.35546875 0.1390625 0.0625 0.0375
0 0.34765625 0.24140625 0.065625 0.03125
0 0.3140625 0.3265625 0.0625 0.0265625
0 0.3125 0.3578125 0.0578125 0.0265625
0 0.26953125 0.41953125 0.059375 0.028125
0 0.24296875 0.50625 0.05625 0.028125
0 0.41484375 0.28828125 0.059375 0.025
0 0.41328125 0.22109375 0.05625 0.034375
0 0.41796875 0.1984375 0.05625 0.028125
0 0.4328125 0.1875 0.053125 0.028125
0 0.4484375 0.140625 0.05625 0.034375
0 0.5109375 0.078125 0.065625 0.028125
0 0.4671875 0.2765625 0.0578125 0.028125
0 0.48671875 0.22109375 0.065625 0.03125
0 0.49765625 0.18125 0.05 0.0265625
0 0.49375 0.19921875 0.0625 0.025
0 0.4203125 0.3734375 0.065625 0.0265625
0 0.4046875 0.41796875 0.05625 0.03125
0 0.4515625 0.47734375 0.059375 0.028125
0 0.4671875 0.4078125 0.059375 0.03125
0 0.54453125 0.22734375 0.059375 0.03125
0 0.55390625 0.34140625 0.059375 0.028125
0 0.55859375 0.37109375 0.0625 0.034375
0 0.56875 0.36328125 0.053125 0.0359375
0 0.5984375 0.02421875 0.059375 0.034375
0 0.6109375 0.13359375 0.0625 0.03125
0 0.60078125 0.2515625 0.0625 0.034375
0 0.603125 0.28359375 0.0625 0.025
0 0.67578125 0.30390625 0.0625 0.025
0 0.546875 0.5109375 0.053125 0.0359375
0 0.43125 0.328125 0.05625 0.028125
0 0.72734375 0.48828125 0.059375 0.0265625
0 0.71171875 0.5171875 0.0625 0.0265625
0 0.6421875 0.5484375 0.059375 0.028125
0 0.74140625 0.17421875 0.05 0.028125
0 0.734375 0.19375 0.059375 0.028125
0 0.72265625 0.21640625 0.0625 0.03125
0 0.7390625 0.24140625 0.059375 0.03125
0 0.68359375 0.24296875 0.059375 0.03125
0 0.69453125 0.2703125 0.065625 0.034375
0 0.625 0.3859375 0.059375 0.028125
0 0.68515625 0.39453125 0.059375 0.025
0 0.79453125 0.4265625 0.0625 0.0359375
0 0.87890625 0.26328125 0.059375 0.025
0 0.875 0.28515625 0.0625 0.0265625
0 0.8375 0.02421875 0.065625 0.034375
0 0.80546875 0.1453125 0.065625 0.03125
0 0.8734375 0.4546875 0.06875 0.040625
0 0.85078125 0.4171875 0.059375 0.03125
0 0.86796875 0.3859375 0.059375 0.0265625
0 0.9359375 0.53828125 0.0625 0.03125
0 0.89453125 0.5921875 0.059375 0.028125
0 0.8078125 0.6203125 0.065625 0.034375
0 0.1859375 0.75703125 0.05625 0.0265625
0 0.4359375 0.696875 0.065625 0.03125
0 0.453125 0.6078125 0.0578125 0.028125
0 0.334375 0.74765625 0.05 0.01875
0 0.3015625 0.83046875 0.05625 0.034375
0 0.61875 0.7171875 0.0578125 0.028125
0 0.60078125 0.75234375 0.053125 0.03125
0 0.54921875 0.77734375 0.0578125 0.028125
0 0.5 0.88359375 0.059375 0.028125
0 0.50234375 0.92578125 0.0578125 0.0265625
0 0.478125 0.94453125 0.05 0.025
0 0.5796875 0.9234375 0.059375 0.028125
0 0.43125 0.8609375 0.0625 0.021875
0 0.42890625 0.8421875 0.0578125 0.0265625
0 0.70078125 0.7234375 0.05 0.028125
0 0.68515625 0.79453125 0.0578125 0.03125
0 0.67421875 0.81953125 0.053125 0.021875
0 0.75703125 0.7703125 0.065625 0.03125
0 0.75 0.80390625 0.0625 0.034375
0 0.78828125 0.94609375 0.0671875 0.0359375
0 0.8234375 0.80390625 0.059375 0.028125
0 0.8125 0.8234375 0.0625 0.028125
0 0.88828125 0.8546875 0.0625 0.034375
0 0.8796875 0.90390625 0.0625 0.0265625
0 0.91328125 0.74296875 0.0671875 0.03125
0 0.9125 0.71640625 0.065625 0.03125
0 0.93125 0.678125 0.0625 0.0359375
0 0.9421875 0.6453125 0.06875 0.0359375
0 0.9625 0.90390625 0.059375 0.034375
0 0.9375 0.9515625 0.065625 0.0265625
0 0.9671875 0.98984375 0.053125 0.0203125
0 0.9734375 0.97109375 0.0359375 0.021875
0 0.71640625 0.9078125 0.0578125 0.03125
0 0.7546875 0.4484375 0.0625 0.0375
0 0.6203125 0.6453125 0.053125 0.021875
0 0.57578125 0.8078125 0.05625 0.028125
0 0.428125 0.7171875 0.053125 0.01875
0 0.4203125 0.7328125 0.05 0.0265625
0 0.40234375 0.76171875 0.053125 0.025
0 0.30625 0.9265625 0.053125 0.0265625
0 0.24375 0.93359375 0.0625 0.03125
0 0.196875 0.83515625 0.053125 0.021875
0 0.17890625 0.8796875 0.0671875 0.03125
0 0.1859375 0.94140625 0.0578125 0.0265625
0 0.19140625 0.78515625 0.0625 0.025
0 0.14765625 0.79453125 0.05625 0.028125
0 0.02421875 0.63359375 0.0484375 0.0265625
0 0.07421875 0.478125 0.05 0.025
0 0.41484375 0.5109375 0.0484375 0.025
0 0.43984375 0.55859375 0.05 0.03125
0 0.6265625 0.67890625 0.0625 0.0265625
0 0.625 0.69921875 0.053125 0.028125
0 0.5359375 0.53828125 0.0671875 0.0359375
0 0.2703125 0.86328125 0.0578125 0.028125
0 0.28515625 0.90859375 0.053125 0.0265625
0 0.30625 0.80078125 0.059375 0.025
0 0.3078125 0.7703125 0.05625 0.025
0 0.3234375 0.7609375 0.0578125 0.021875
0 0.81875 0.353125 0.059375 0.03125
0 0.85078125 0.328125 0.0578125 0.025
0 0.59375 0.484375 0.059375 0.021875
0 0.59609375 0.50703125 0.065625 0.025
0 0.82421875 0.08984375 0.0765625 0.040625