0 0.91796875 0.90625 0.096875 0.053125
0 0.9703125 0.8375 0.059375 0.053125
0 0.9796875 0.7921875 0.040625 0.0453125
0 0.978125 0.74609375 0.04375 0.059375
0 0.8703125 0.70703125 0.06875 0.040625
0 0.86171875 0.66953125 0.090625 0.0515625
0 0.9171875 0.56484375 0.09375 0.0625
0 0.96015625 0.5359375 0.075 0.0453125
0 0.78828125 0.59140625 0.0890625 0.05625
0 0.828125 0.86328125 0.090625 0.05625
0 0.73671875 0.796875 0.0984375 0.0609375
0 0.73828125 0.54453125 0.0875 0.05
0 0.7765625 0.49609375 0.090625 0.04375
0 0.7203125 0.51171875 0.0875 0.04375
0 0.72734375 0.43046875 0.0984375 0.05625
0 0.8171875 0.44609375 0.090625 0.05
0 0.859375 0.5296875 0.0875 0.053125
0 0.9046875 0.5140625 0.071875 0.0453125
0 0.93125 0.4890625 0.084375 0.05
0 0.88125 0.4734375 0.08125 0.05
0 0.8421875 0.37265625 0.08125 0.0484375
0 0.540625 0.71875 0.0890625 0.0578125
0 0.59765625 0.615625 0.0890625 0.05
0 0.5625 0.47265625 0.090625 0.053125
0 0.5109375 0.50703125 0.0875 0.053125
0 0.59375 0.38125 0.084375 0.05
0 0.42578125 0.46015625 0.084375 0.05
0 0.4109375 0.90859375 0.096875 0.0578125
0 0.20546875 0.8140625 0.096875 0.0578125
0 0.19140625 0.95546875 0.0875 0.05
0 0.140625 0.946875 0.090625 0.0484375
0 0.1453125 0.90859375 0.0984375 0.05625
0 0.86875 0.2875 0.0875 0.0453125
0 0.85703125 0.18359375 0.0796875 0.0484375
0 0.8328125 0.1765625 0.096875 0.065625
0 0.75703125 0.240625 0.0890625 0.059375
0 0.73046875 0.2203125 0.0890625 0.05625
0 0.68359375 0.30625 0.084375 0.059375
0 0.74609375 0.1859375 0.0765625 0.05
0 0.7640625 0.165625 0.0796875 0.05625
0 0.82578125 0.1 0.0796875 0.059375
0 0.7796875 0.040625 0.0875 0.05
0 0.63203125 0.16328125 0.0875 0.053125
0 0.64765625 0.14453125 0.0765625 0.040625
0 0.5625 0.1703125 0.0796875 0.0453125
0 0.47109375 0.1109375 0.0890625 0.0484375
0 0.4828125 0.071875 0.090625 0.0453125
0 0.4546875 0.0625 0.084375 0.05
0 0.3640625 0.41796875 0.08125 0.0453125
0 0.3609375 0.3859375 0.08125 0.0484375
0 0.26953125 0.4 0.090625 0.0578125
0 0.37109375 0.3140625 0.0796875 0.053125
0 0.3015625 0.2984375 0.0890625 0.05625
0 0.31640625 0.265625 0.0765625 0.0484375
0 0.32578125 0.2359375 0.0984375 0.0484375
0 0.34140625 0.20546875 0.090625 0.05
0 0.178125 0.52734375 0.08125 0.053125
0 0.03828125 0.44609375 0.0765625 0.05
0 0.0203125 0.47109375 0.040625 0.0484375
0 0.02578125 0.17734375 0.0515625 0.0546875
0 0.02265625 0.1390625 0.0453125 0.0484375