0 0.85546875 0.03125 0.0890625 0.05078125
0 0.884375 0.06875 0.0796875 0.04296875
0 0.89921875 0.11171875 0.08671875 0.0578125
0 0.7875 0.1890625 0.0671875 0.03828125
0 0.7921875 0.22734375 0.09140625 0.0484375
0 0.8765625 0.31015625 0.09140625 0.06015625
0 0.9265625 0.3234375 0.07421875 0.04296875
0 0.74609375 0.3234375 0.0890625 0.053125
0 0.69921875 0.053125 0.09140625 0.053125
0 0.63359375 0.1453125 0.09609375 0.0578125
0 0.7125 0.38359375 0.08671875 0.0484375
0 0.7640625 0.41796875 0.0890625 0.040625
0 0.7046875 0.4203125 0.084375 0.040625
0 0.73671875 0.4953125 0.0984375 0.05078125
0 0.81875 0.453125 0.09140625 0.0484375
0 0.83203125 0.359375 0.08671875 0.05078125
0 0.88125 0.36171875 0.071875 0.04296875
0 0.91328125 0.37734375 0.084375 0.0453125
0 0.8703125 0.4078125 0.08203125 0.0484375
0 0.865625 0.515625 0.08203125 0.0453125
0 0.47109375 0.2796875 0.08671875 0.05546875
0 0.55625 0.359375 0.0890625 0.0484375
0 0.5671875 0.50703125 0.09140625 0.05078125
0 0.50859375 0.490625 0.08671875 0.05078125
0 0.6265625 0.584375 0.084375 0.0484375
0 0.4421875 0.56015625 0.084375 0.0453125
0 0.28828125 0.1390625 0.09375 0.05546875
0 0.12265625 0.29296875 0.09375 0.05546875
0 0.06484375 0.1625 0.08671875 0.0484375
0 0.0328125 0.1859375 0.06484375 0.0453125
0 0.0421875 0.2203125 0.084375 0.05078125
0 0.9171875 0.5875 0.084375 0.04296875
0 0.9375 0.68984375 0.0796875 0.0453125
0 0.9171875 0.7046875 0.09609375 0.0625
0 0.82421875 0.66796875 0.08671875 0.0578125
0 0.80625 0.69453125 0.0890625 0.053125
0 0.7359375 0.62734375 0.08203125 0.0578125
0 0.83046875 0.72109375 0.0765625 0.0484375
0 0.8546875 0.73671875 0.0765625 0.053125
0 0.93359375 0.7796875 0.0765625 0.0578125
0 0.90859375 0.85078125 0.08671875 0.0484375
0 0.7296875 0.7796875 0.08671875 0.05078125
0 0.7515625 0.7921875 0.07421875 0.03828125
0 0.6609375 0.79453125 0.0796875 0.04296875
0 0.59375 0.87890625 0.0890625 0.0453125
0 0.61640625 0.9125 0.0890625 0.04296875
0 0.5921875 0.93046875 0.084375 0.0484375
0 0.396875 0.6203125 0.08203125 0.04296875
0 0.40234375 0.65234375 0.08203125 0.0453125
0 0.3109375 0.665625 0.0890625 0.05546875
0 0.43515625 0.71640625 0.0796875 0.05078125
0 0.3734375 0.75390625 0.0890625 0.053125
0 0.39765625 0.7796875 0.0765625 0.0453125
0 0.415625 0.80546875 0.09609375 0.04296875
0 0.44140625 0.8296875 0.09140625 0.0484375
0 0.18515625 0.5734375 0.08203125 0.05078125
0 0.07578125 0.69453125 0.08203125 0.0484375
0 0.04453125 0.67890625 0.053125 0.0484375
0 0.1296875 0.96171875 0.084375 0.053125
0 0.13671875 0.98671875 0.08671875 0.0265625