0 0.115625 0.4109375 0.0296875 0.04375
0 0.21953125 0.08828125 0.0265625 0.046875
0 0.446875 0.35859375 0.0265625 0.0515625
0 0.36640625 0.54765625 0.021875 0.0359375
0 0.371875 0.58515625 0.0125 0.0234375
0 0.34921875 0.59375 0.0171875 0.046875
0 0.3359375 0.54609375 0.021875 0.0359375
0 0.31015625 0.575 0.0234375 0.034375
0 0.33671875 0.79921875 0.0234375 0.0375
0 0.4515625 0.9125 0.0171875 0.0296875
0 0.5390625 0.70234375 0.028125 0.04375
0 0.8671875 0.14296875 0.021875 0.0453125
0 0.921875 0.05703125 0.0265625 0.0296875