0 0.6953125 0.68359375 0.0359375 0.0203125
0 0.92734375 0.61484375 0.0640625 0.0375
0 0.8171875 0.41015625 0.0453125 0.025
0 0.9828125 0.4796875 0.034375 0.025
0 0.11484375 0.5390625 0.046875 0.0265625
0 0.5140625 0.5703125 0.05625 0.028125
0 0.68125 0.61484375 0.0390625 0.025
0 0.64453125 0.628125 0.0421875 0.0265625
0 0.65078125 0.60625 0.0296875 0.0234375
0 0.6625 0.65078125 0.034375 0.0234375
0 0.559375 0.89609375 0.0421875 0.0359375
0 0.22890625 0.85703125 0.0515625 0.034375
0 0.15625 0.20234375 0.04375 0.025
0 0.06484375 0.165625 0.0375 0.03125