0 0.86953125 0.1265625 0.0234375 0.03125
0 0.92265625 0.04296875 0.025 0.0390625
0 0.45546875 0.3234375 0.021875 0.0484375
0 0.5390625 0.67734375 0.0265625 0.05
0 0.3421875 0.775 0.0234375 0.0484375
0 0.45625 0.8953125 0.01875 0.0359375
0 0.3703125 0.53046875 0.0203125 0.0421875
0 0.33828125 0.52421875 0.021875 0.0265625
0 0.3203125 0.5546875 0.0203125 0.040625
0 0.34921875 0.5765625 0.01875 0.0390625
0 0.3765625 0.5734375 0.0171875 0.028125
0 0.11796875 0.390625 0.03125 0.0421875
0 0.2234375 0.06953125 0.0234375 0.04375