0 0.3765625 0.55234375 0.04375 0.0234375
0 0.71953125 0.46796875 0.0484375 0.025
0 0.553125 0.6375 0.0375 0.0234375
0 0.55390625 0.66953125 0.0359375 0.0234375
0 0.58046875 0.69453125 0.0390625 0.0203125
0 0.59609375 0.6546875 0.0390625 0.025
0 0.58515625 0.62890625 0.0359375 0.0234375
0 0.80859375 0.678125 0.05 0.025
0 0.91796875 0.5640625 0.034375 0.0203125
0 0.40703125 0.884375 0.046875 0.0359375
0 0.08828125 0.7703125 0.040625 0.0375
0 0.16171875 0.121875 0.0359375 0.0171875
0 0.08203125 0.06953125 0.0375 0.028125