0 0.55078125 0.815625 0.0234375 0.046875
0 0.35703125 0.6203125 0.0171875 0.0359375
0 0.428125 0.48828125 0.021875 0.05
0 0.50625 0.096875 0.01875 0.0484375
0 0.83828125 0.1859375 0.0203125 0.03125
0 0.8859375 0.103125 0.0234375 0.034375
0 0.296875 0.659375 0.0203125 0.034375
0 0.33125 0.62734375 0.01875 0.034375
0 0.35703125 0.65859375 0.015625 0.034375
0 0.3765625 0.63359375 0.0203125 0.0375
0 0.33359375 0.896875 0.0265625 0.059375
0 0.465625 0.9796875 0.025 0.0375
0 0.10078125 0.49921875 0.0296875 0.0421875
0 0.17734375 0.178125 0.0296875 0.046875