0 0.11171875 0.43125 0.028125 0.04375
0 0.1984375 0.10390625 0.025 0.0453125
0 0.43984375 0.36171875 0.0234375 0.05
0 0.36875 0.5546875 0.0203125 0.034375
0 0.3765625 0.59140625 0.0109375 0.0234375
0 0.3546875 0.6015625 0.015625 0.046875
0 0.33828125 0.5546875 0.0203125 0.034375
0 0.3140625 0.58515625 0.021875 0.034375
0 0.35234375 0.80703125 0.021875 0.0359375
0 0.4734375 0.91484375 0.0171875 0.0296875
0 0.54921875 0.7 0.0265625 0.04375
0 0.84765625 0.12421875 0.0203125 0.0453125
0 0.8984375 0.03515625 0.025 0.0296875