0 0.82109375 0.49296875 0.0328125 0.0234375
0 0.77734375 0.82734375 0.0359375 0.0203125
0 0.8640625 0.875 0.040625 0.0203125
0 0.42734375 0.4234375 0.0375 0.0234375
0 0.34453125 0.35546875 0.03125 0.0203125
0 0.34453125 0.378125 0.0234375 0.0140625
0 0.31171875 0.37265625 0.0234375 0.0171875
0 0.321875 0.33515625 0.034375 0.021875
0 0.28046875 0.29140625 0.046875 0.0171875
0 0.03203125 0.33046875 0.046875 0.0296875
0 0.11328125 0.5546875 0.0375 0.01875
0 0.4484375 0.0921875 0.025 0.028125
0 0.76171875 0.1671875 0.046875 0.0265625