0 0.9734375 0.4453125 0.0390625 0.0265625
0 0.91328125 0.07578125 0.034375 0.0265625
0 0.83203125 0.13203125 0.0375 0.0234375
0 0.27421875 0.46640625 0.053125 0.025
0 0.43203125 0.6375 0.040625 0.021875
0 0.609375 0.55703125 0.0421875 0.028125
0 0.39765625 0.6296875 0.0234375 0.021875
0 0.3921875 0.6515625 0.0390625 0.01875
0 0.42734375 0.671875 0.028125 0.0234375
0 0.40546875 0.69609375 0.0390625 0.01875
0 0.5765625 0.884375 0.0328125 0.0296875
0 0.89140625 0.7796875 0.0375 0.03125
0 0.1765625 0.67421875 0.0375 0.0203125
0 0.0671875 0.55859375 0.0390625 0.025