0 0.1265625 0.13046875 0.03125 0.0234375
0 0.04296875 0.07734375 0.0390625 0.025
0 0.3234375 0.54453125 0.0484375 0.021875
0 0.67734375 0.4609375 0.05 0.0265625
0 0.775 0.6578125 0.0484375 0.0234375
0 0.8953125 0.54375 0.0359375 0.01875
0 0.53046875 0.6296875 0.0421875 0.0203125
0 0.52421875 0.66171875 0.0265625 0.021875
0 0.5546875 0.6796875 0.040625 0.0203125
0 0.5765625 0.65078125 0.0390625 0.01875
0 0.5734375 0.6234375 0.028125 0.0171875
0 0.390625 0.88203125 0.0421875 0.03125
0 0.06953125 0.7765625 0.04375 0.0234375