0 0.80703125 0.49296875 0.0359375 0.01875
0 0.7609375 0.83125 0.040625 0.0171875
0 0.846875 0.88359375 0.0328125 0.025
0 0.41015625 0.41640625 0.034375 0.01875
0 0.340625 0.35546875 0.0390625 0.015625
0 0.334375 0.37890625 0.0203125 0.021875
0 0.309375 0.36953125 0.0234375 0.0203125
0 0.31484375 0.3328125 0.034375 0.015625
0 0.27734375 0.28671875 0.0390625 0.01875
0 0.03046875 0.321875 0.04375 0.0234375
0 0.096875 0.54296875 0.05 0.0171875
0 0.44609375 0.09140625 0.0265625 0.0265625
0 0.7546875 0.171875 0.0375 0.0296875