0 0.1609375 0.15625 0.0328125 0.01875
0 0.0703125 0.10859375 0.04375 0.0203125
0 0.05546875 0.48671875 0.040625 0.0203125
0 0.4359375 0.56640625 0.0375 0.021875
0 0.76171875 0.4484375 0.0421875 0.0234375
0 0.5890625 0.6359375 0.025 0.015625
0 0.6015625 0.6671875 0.0390625 0.021875
0 0.625 0.696875 0.0421875 0.021875
0 0.634375 0.6453125 0.0328125 0.0234375
0 0.61953125 0.62421875 0.0421875 0.015625
0 0.471875 0.89375 0.0390625 0.0296875
0 0.1421875 0.8140625 0.040625 0.025
0 0.86484375 0.65859375 0.040625 0.021875
0 0.95703125 0.53046875 0.0359375 0.0203125