0 0.85234375 0.16171875 0.040625 0.0234375
0 0.9453125 0.115625 0.0390625 0.021875
0 0.95859375 0.49140625 0.0375 0.0234375
0 0.58359375 0.5671875 0.034375 0.0203125
0 0.2515625 0.44609375 0.0421875 0.01875
0 0.41640625 0.6359375 0.028125 0.0140625
0 0.3875 0.6234375 0.0359375 0.015625
0 0.3671875 0.64296875 0.0390625 0.0203125
0 0.4046875 0.66328125 0.0359375 0.0171875
0 0.3796875 0.69375 0.0421875 0.021875
0 0.14921875 0.65 0.0453125 0.025
0 0.05625 0.521875 0.040625 0.0203125
0 0.53203125 0.89296875 0.040625 0.0328125
0 0.859375 0.81640625 0.0515625 0.028125