0 0.80625 0.47578125 0.0390625 0.0203125
0 0.778125 0.8171875 0.040625 0.01875
0 0.86640625 0.8640625 0.0328125 0.0265625
0 0.40625 0.42109375 0.0359375 0.0203125
0 0.334375 0.3640625 0.0390625 0.0171875
0 0.328125 0.3875 0.0203125 0.0234375
0 0.30390625 0.38046875 0.025 0.0203125
0 0.30625 0.34296875 0.034375 0.0171875
0 0.265625 0.2984375 0.0390625 0.0203125
0 0.021875 0.346875 0.04375 0.025
0 0.1 0.5640625 0.05 0.01875
0 0.425 0.09453125 0.0265625 0.0265625
0 0.73828125 0.15859375 0.0390625 0.03125