0 0.4578125 0.775 0.0171875 0.04375
0 0.6765625 0.86875 0.0265625 0.046875
0 0.5484375 0.9578125 0.0203125 0.03125
0 0.65078125 0.63515625 0.0171875 0.0375
0 0.640625 0.58984375 0.021875 0.040625
0 0.62734375 0.6171875 0.0203125 0.0390625
0 0.671875 0.60390625 0.01875 0.0328125
0 0.703125 0.63125 0.0203125 0.034375
0 0.56640625 0.453125 0.0265625 0.05
0 0.47421875 0.0671875 0.025 0.0375
0 0.14765625 0.18359375 0.0171875 0.0265625
0 0.09375 0.09296875 0.021875 0.046875
0 0.80234375 0.1484375 0.0171875 0.059375
0 0.89453125 0.4703125 0.0296875 0.0421875