0 0.1796875 0.5265625 0.034375 0.0265625
0 0.2578125 0.8546875 0.0375 0.021875
0 0.1765625 0.9109375 0.0421875 0.0234375
0 0.5640625 0.415625 0.0390625 0.0265625
0 0.63984375 0.340625 0.0328125 0.021875
0 0.64140625 0.36328125 0.025 0.015625
0 0.67421875 0.35390625 0.025 0.01875
0 0.659375 0.3171875 0.0359375 0.025
0 0.69609375 0.26953125 0.0484375 0.0203125
0 0.94765625 0.2828125 0.0484375 0.0328125
0 0.88984375 0.5140625 0.0390625 0.021875
0 0.50859375 0.0890625 0.028125 0.0296875
0 0.20546875 0.19609375 0.0484375 0.0296875