0 0.42421875 0.88671875 0.04375 0.028125
0 0.0984375 0.79453125 0.046875 0.025
0 0.3609375 0.5578125 0.05 0.025
0 0.55234375 0.63203125 0.034375 0.0203125
0 0.5890625 0.625 0.0234375 0.0109375
0 0.59921875 0.646875 0.046875 0.015625
0 0.5515625 0.6625 0.034375 0.0203125
0 0.58203125 0.6875 0.034375 0.021875
0 0.8046875 0.653125 0.0359375 0.021875
0 0.9140625 0.53359375 0.0296875 0.0171875
0 0.70078125 0.45390625 0.04375 0.0265625
0 0.13046875 0.14609375 0.0453125 0.0203125
0 0.0421875 0.09375 0.0296875 0.025