0 0.815625 0.44921875 0.0453125 0.0234375
0 0.6203125 0.64296875 0.0359375 0.0171875
0 0.4875 0.571875 0.05 0.021875
0 0.096875 0.49453125 0.0484375 0.0171875
0 0.1859375 0.16171875 0.03125 0.0203125
0 0.10234375 0.1140625 0.034375 0.0234375
0 0.659375 0.70234375 0.0328125 0.0203125
0 0.62734375 0.66875 0.034375 0.01875
0 0.65859375 0.64296875 0.034375 0.015625
0 0.63359375 0.6234375 0.0359375 0.0203125
0 0.896875 0.6671875 0.0609375 0.0265625
0 0.9796875 0.534375 0.0375 0.025
0 0.49921875 0.89921875 0.0421875 0.028125
0 0.17734375 0.82265625 0.046875 0.0296875