0 0.5515625 0.7734375 0.015625 0.04375
0 0.33671875 0.875 0.025 0.046875
0 0.4671875 0.959375 0.0203125 0.03125
0 0.35390625 0.640625 0.015625 0.0375
0 0.3625 0.59453125 0.021875 0.040625
0 0.3765625 0.621875 0.0203125 0.0390625
0 0.33203125 0.61015625 0.01875 0.03125
0 0.3015625 0.63828125 0.0203125 0.034375
0 0.43203125 0.45546875 0.025 0.0484375
0 0.5109375 0.06640625 0.0234375 0.0359375
0 0.84140625 0.17109375 0.015625 0.0265625
0 0.89140625 0.07890625 0.0203125 0.046875
0 0.1859375 0.159375 0.015625 0.059375
0 0.1046875 0.484375 0.0296875 0.0421875