0 0.81171875 0.85234375 0.028125 0.01875
0 0.89609375 0.9015625 0.034375 0.0234375
0 0.915625 0.52578125 0.04375 0.015625
0 0.53046875 0.43046875 0.04375 0.0203125
0 0.396875 0.35625 0.034375 0.015625
0 0.37890625 0.37265625 0.0296875 0.0171875
0 0.3546875 0.353125 0.034375 0.021875
0 0.38671875 0.3296875 0.0265625 0.0203125
0 0.3625 0.29453125 0.04375 0.01875
0 0.1234375 0.32578125 0.0546875 0.028125
0 0.52734375 0.10546875 0.034375 0.0296875
0 0.84453125 0.1953125 0.0484375 0.0234375
0 0.20859375 0.53984375 0.053125 0.0203125
0 0.03046875 0.4484375 0.0375 0.0171875