0 0.8921875 0.21875 0.0234375 0.034375
0 0.95390625 0.13671875 0.0265625 0.0453125
0 0.5828125 0.06328125 0.0265625 0.04375
0 0.44453125 0.4265625 0.0265625 0.040625
0 0.51015625 0.76640625 0.0296875 0.0453125
0 0.3515625 0.56640625 0.01875 0.0265625
0 0.31875 0.57421875 0.028125 0.0421875
0 0.2859375 0.59296875 0.0265625 0.04375
0 0.33515625 0.61015625 0.0296875 0.0359375
0 0.35859375 0.5984375 0.0234375 0.04375
0 0.115625 0.4109375 0.034375 0.04375
0 0.24609375 0.09765625 0.0296875 0.04375
0 0.2859375 0.83515625 0.028125 0.04375
0 0.3984375 0.946875 0.025 0.0390625