0 0.81328125 0.13203125 0.0203125 0.0328125
0 0.85234375 0.0375 0.0234375 0.04375
0 0.47421875 0.05625 0.0234375 0.0421875
0 0.428125 0.4421875 0.025 0.0390625
0 0.57421875 0.75625 0.0265625 0.04375
0 0.37265625 0.60078125 0.0171875 0.0265625
0 0.3421875 0.615625 0.025 0.040625
0 0.31484375 0.64140625 0.025 0.04375
0 0.3671875 0.646875 0.0265625 0.034375
0 0.38671875 0.6296875 0.0203125 0.0421875
0 0.10546875 0.50625 0.0328125 0.0421875
0 0.15625 0.17109375 0.028125 0.0421875
0 0.3734375 0.87734375 0.025 0.0421875
0 0.509375 0.9578125 0.0234375 0.0375