0 0.45390625 0.18203125 0.028125 0.034375
0 0.790625 0.184375 0.025 0.0390625
0 0.828125 0.09296875 0.025 0.04375
0 0.4328125 0.58125 0.028125 0.040625
0 0.37578125 0.671875 0.0234375 0.0328125
0 0.3984375 0.66875 0.0171875 0.025
0 0.396875 0.70234375 0.01875 0.025
0 0.3578125 0.696875 0.0265625 0.0359375
0 0.31953125 0.74296875 0.0234375 0.0484375
0 0.3890625 0.9796875 0.034375 0.040625
0 0.60078125 0.87734375 0.0234375 0.0390625
0 0.1015625 0.60078125 0.03125 0.028125
0 0.1375 0.28125 0.03125 0.05