0 0.54921875 0.1328125 0.0296875 0.046875
0 0.87265625 0.24609375 0.0234375 0.0421875
0 0.9265625 0.1671875 0.0296875 0.0375
0 0.42265625 0.50625 0.0234375 0.0453125
0 0.3421875 0.65078125 0.025 0.03125
0 0.35703125 0.6328125 0.01875 0.040625
0 0.3421875 0.6171875 0.0234375 0.0359375
0 0.31328125 0.6265625 0.021875 0.0328125
0 0.27265625 0.65234375 0.021875 0.0296875
0 0.28046875 0.90234375 0.0265625 0.053125
0 0.50390625 0.8484375 0.0265625 0.0546875
0 0.09921875 0.47109375 0.0390625 0.04375
0 0.21640625 0.16640625 0.03125 0.04375