0 0.49296875 0.19296875 0.01875 0.0359375
0 0.83125 0.2390625 0.0171875 0.040625
0 0.88359375 0.153125 0.025 0.0328125
0 0.41640625 0.58984375 0.01875 0.034375
0 0.35546875 0.659375 0.015625 0.0390625
0 0.37890625 0.665625 0.021875 0.0203125
0 0.36953125 0.690625 0.0203125 0.0234375
0 0.3328125 0.68515625 0.015625 0.034375
0 0.28671875 0.72265625 0.01875 0.0390625
0 0.321875 0.96953125 0.0234375 0.04375
0 0.54296875 0.903125 0.0171875 0.05
0 0.09140625 0.55390625 0.0265625 0.0265625
0 0.171875 0.2453125 0.0296875 0.0375