0 0.5515625 0.6828125 0.0203125 0.0359375
0 0.44140625 0.34453125 0.0203125 0.04375
0 0.37265625 0.54921875 0.021875 0.0390625
0 0.35546875 0.59609375 0.0234375 0.04375
0 0.378125 0.58046875 0.0140625 0.0265625
0 0.33984375 0.5421875 0.0203125 0.0359375
0 0.31796875 0.5734375 0.0203125 0.04375
0 0.11328125 0.421875 0.0328125 0.0359375
0 0.19921875 0.09375 0.028125 0.046875
0 0.8515625 0.1171875 0.015625 0.034375
0 0.896875 0.02890625 0.0265625 0.034375
0 0.35390625 0.7953125 0.0234375 0.0484375
0 0.47265625 0.90546875 0.021875 0.0359375