0 0.2765625 0.64921875 0.0203125 0.0359375
0 0.29140625 0.890625 0.0359375 0.0640625
0 0.51640625 0.8296875 0.025 0.0453125
0 0.41015625 0.97578125 0.0234375 0.0359375
0 0.54765625 0.1171875 0.025 0.046875
0 0.428125 0.49765625 0.028125 0.05625
0 0.34765625 0.65078125 0.025 0.0390625
0 0.34296875 0.6125 0.025 0.04375
0 0.3625 0.621875 0.0234375 0.0296875
0 0.31640625 0.6234375 0.0234375 0.0359375
0 0.1 0.46796875 0.0359375 0.0421875
0 0.21328125 0.15546875 0.034375 0.0515625
0 0.86640625 0.23203125 0.0234375 0.04375
0 0.9234375 0.15078125 0.03125 0.0375