0 0.7734375 0.88359375 0.0296875 0.021875
0 0.85234375 0.940625 0.0359375 0.0265625
0 0.9109375 0.56875 0.0453125 0.0203125
0 0.5375 0.434375 0.0453125 0.025
0 0.4125 0.346875 0.0359375 0.01875
0 0.3921875 0.3609375 0.03125 0.0203125
0 0.37109375 0.3390625 0.0359375 0.025
0 0.4046875 0.31875 0.0296875 0.0234375
0 0.38515625 0.28125 0.0453125 0.0234375
0 0.14375 0.2875 0.05625 0.0328125
0 0.56796875 0.11015625 0.0375 0.0328125
0 0.87421875 0.2328125 0.0515625 0.028125
0 0.20625 0.509375 0.0546875 0.0265625
0 0.03828125 0.4 0.0390625 0.021875