0 0.1078125 0.15078125 0.0296875 0.021875
0 0.02109375 0.1015625 0.0375 0.0234375
0 0.32578125 0.55390625 0.046875 0.0203125
0 0.675 0.4515625 0.0484375 0.0234375
0 0.7828125 0.64296875 0.046875 0.021875
0 0.896875 0.52265625 0.034375 0.0171875
0 0.5375 0.628125 0.0421875 0.01875
0 0.5328125 0.66015625 0.025 0.021875
0 0.5640625 0.6765625 0.0390625 0.01875
0 0.584375 0.646875 0.0375 0.015625
0 0.5796875 0.61953125 0.0265625 0.015625
0 0.4109375 0.8875 0.040625 0.0296875
0 0.084375 0.7984375 0.04375 0.021875