0 0.1328125 0.45078125 0.046875 0.0296875
0 0.24609375 0.12734375 0.0421875 0.0234375
0 0.1671875 0.0734375 0.0375 0.0296875
0 0.50625 0.57734375 0.0453125 0.0234375
0 0.65078125 0.6578125 0.03125 0.025
0 0.6328125 0.64296875 0.040625 0.01875
0 0.6171875 0.6578125 0.0359375 0.0234375
0 0.6265625 0.68671875 0.0328125 0.021875
0 0.65234375 0.72734375 0.0296875 0.021875
0 0.90234375 0.71953125 0.053125 0.0265625
0 0.8484375 0.49609375 0.0546875 0.0265625
0 0.47109375 0.90078125 0.04375 0.0390625
0 0.16640625 0.78359375 0.04375 0.03125