0 0.45546875 0.02578125 0.0296875 0.0390625
0 0.828125 0.0125 0.028125 0.025
0 0.790625 0.0984375 0.025 0.0390625
0 0.5796875 0.71328125 0.028125 0.0546875
0 0.37890625 0.5953125 0.0234375 0.040625
0 0.42109375 0.4046875 0.0296875 0.0421875
0 0.39453125 0.6265625 0.0234375 0.025
0 0.37421875 0.63671875 0.0203125 0.040625
0 0.346875 0.60703125 0.025 0.0296875
0 0.328125 0.6328125 0.021875 0.0390625
0 0.1078125 0.50546875 0.03125 0.034375
0 0.1453125 0.175 0.0328125 0.0390625
0 0.396875 0.853125 0.021875 0.0375
0 0.5328125 0.9359375 0.028125 0.040625