0 0.77421875 0.4484375 0.04375 0.015625
0 0.875 0.66328125 0.0453125 0.0265625
0 0.96015625 0.5328125 0.0296875 0.0203125
0 0.640625 0.64609375 0.0375 0.0171875
0 0.59453125 0.6375 0.0390625 0.021875
0 0.621875 0.6234375 0.0390625 0.0203125
0 0.6109375 0.66796875 0.0328125 0.0171875
0 0.63828125 0.6984375 0.0359375 0.0203125
0 0.45546875 0.56796875 0.0484375 0.0234375
0 0.06640625 0.4890625 0.0359375 0.0234375
0 0.1703125 0.15859375 0.025 0.015625
0 0.07890625 0.10859375 0.046875 0.0203125
0 0.15859375 0.8140625 0.0578125 0.015625
0 0.484375 0.8953125 0.0421875 0.028125