0 0.18125 0.46484375 0.034375 0.0265625
0 0.19375 0.80234375 0.0375 0.021875
0 0.1046875 0.8421875 0.0421875 0.025
0 0.57890625 0.4296875 0.0390625 0.0265625
0 0.6671875 0.36953125 0.0328125 0.021875
0 0.665625 0.3921875 0.025 0.0171875
0 0.6984375 0.38984375 0.025 0.0203125
0 0.69140625 0.3515625 0.0359375 0.025
0 0.7359375 0.3109375 0.0484375 0.021875
0 0.97734375 0.371875 0.0453125 0.034375
0 0.88046875 0.58828125 0.0390625 0.021875
0 0.58671875 0.09765625 0.028125 0.0296875
0 0.26875 0.14609375 0.0484375 0.0296875