0 0.1296875 0.50390625 0.0453125 0.025
0 0.20234375 0.8390625 0.040625 0.01875
0 0.11796875 0.8828125 0.034375 0.0265625
0 0.515625 0.42421875 0.04375 0.01875
0 0.66875 0.36171875 0.028125 0.021875
0 0.64921875 0.37421875 0.0390625 0.0140625
0 0.63515625 0.3578125 0.034375 0.0203125
0 0.6484375 0.33046875 0.03125 0.01875
0 0.67890625 0.29296875 0.028125 0.01875
0 0.92578125 0.33125 0.0515625 0.0203125
0 0.8453125 0.54609375 0.053125 0.0203125
0 0.5203125 0.0984375 0.040625 0.034375
0 0.203125 0.178125 0.0421875 0.025