0 0.18125 0.47109375 0.046875 0.0265625
0 0.38984375 0.65078125 0.0375 0.0203125
0 0.51640625 0.57109375 0.0515625 0.025
0 0.9015625 0.465625 0.05 0.021875
0 0.78984375 0.140625 0.03125 0.021875
0 0.86875 0.0875 0.0359375 0.025
0 0.35546875 0.7140625 0.034375 0.021875
0 0.384375 0.67734375 0.0359375 0.021875
0 0.3515625 0.65390625 0.0359375 0.0171875
0 0.375 0.6328125 0.0390625 0.0234375
0 0.115625 0.69375 0.0609375 0.03125
0 0.02421875 0.56796875 0.0390625 0.028125
0 0.52890625 0.8984375 0.04375 0.03125
0 0.84375 0.79921875 0.0484375 0.0328125