0 0.50390625 0.1296875 0.025 0.0453125
0 0.8390625 0.2015625 0.0171875 0.040625
0 0.8828125 0.11796875 0.0265625 0.0359375
0 0.42421875 0.51640625 0.0171875 0.04375
0 0.36171875 0.66875 0.021875 0.028125
0 0.375 0.64921875 0.0140625 0.0390625
0 0.3578125 0.63515625 0.0203125 0.0328125
0 0.33046875 0.6484375 0.01875 0.0296875
0 0.29296875 0.67890625 0.01875 0.028125
0 0.33125 0.92578125 0.0203125 0.0515625
0 0.54609375 0.8453125 0.0203125 0.053125
0 0.0984375 0.5203125 0.034375 0.0390625
0 0.17734375 0.20234375 0.025 0.0421875