0 0.546875 0.8765625 0.0140625 0.040625
0 0.834375 0.215625 0.015625 0.03125
0 0.88203125 0.134375 0.0203125 0.0359375
0 0.49921875 0.16171875 0.015625 0.0328125
0 0.42109375 0.55859375 0.021875 0.046875
0 0.35546875 0.64765625 0.0203125 0.028125
0 0.3765625 0.65546875 0.0171875 0.025
0 0.36796875 0.684375 0.015625 0.028125
0 0.33046875 0.665625 0.015625 0.034375
0 0.28671875 0.70078125 0.0171875 0.0390625
0 0.32578125 0.946875 0.021875 0.0484375
0 0.096875 0.534375 0.0296875 0.03125
0 0.17578125 0.2203125 0.021875 0.0359375