0 0.44609375 0.13359375 0.03125 0.0484375
0 0.78828125 0.153125 0.0234375 0.0421875
0 0.81796875 0.0625 0.03125 0.0375
0 0.42734375 0.52734375 0.025 0.0453125
0 0.38984375 0.68828125 0.025 0.03125
0 0.39921875 0.6671875 0.0203125 0.040625
0 0.38046875 0.65546875 0.025 0.0359375
0 0.35546875 0.6734375 0.0234375 0.0328125
0 0.3234375 0.709375 0.0234375 0.03125
0 0.4 0.946875 0.028125 0.0546875
0 0.59921875 0.83359375 0.028125 0.05625
0 0.10625 0.5828125 0.040625 0.0453125
0 0.1359375 0.25703125 0.03125 0.0453125