0 0.3 0.67890625 0.0171875 0.034375
0 0.34765625 0.915625 0.03125 0.0625
0 0.5625 0.8234375 0.021875 0.04375
0 0.4765625 0.9828125 0.021875 0.034375
0 0.49375 0.1140625 0.021875 0.0453125
0 0.428125 0.5078125 0.0234375 0.0546875
0 0.3703125 0.6703125 0.021875 0.0375
0 0.36015625 0.6328125 0.021875 0.0421875
0 0.38046875 0.63984375 0.021875 0.028125
0 0.33515625 0.64765625 0.0203125 0.034375
0 0.1 0.52421875 0.0328125 0.040625
0 0.16796875 0.19921875 0.03125 0.05
0 0.82578125 0.18359375 0.0203125 0.0421875
0 0.8703125 0.0953125 0.0296875 0.0359375