0 0.29375 0.67109375 0.015625 0.034375
0 0.33359375 0.91015625 0.0296875 0.0609375
0 0.55078125 0.82578125 0.0203125 0.04375
0 0.4609375 0.98359375 0.021875 0.0328125
0 0.5078125 0.11328125 0.021875 0.0453125
0 0.428125 0.50546875 0.021875 0.0546875
0 0.3640625 0.665625 0.021875 0.0375
0 0.35546875 0.628125 0.021875 0.040625
0 0.37578125 0.63671875 0.0203125 0.028125
0 0.33046875 0.64296875 0.0203125 0.0328125
0 0.09921875 0.5109375 0.0328125 0.0390625
0 0.17890625 0.1875 0.028125 0.0484375
0 0.8375 0.1953125 0.0203125 0.0421875
0 0.88515625 0.10859375 0.028125 0.034375