0 0.68515625 0.5421875 0.0375 0.021875
0 0.34140625 0.45 0.04375 0.021875
0 0.5421875 0.3703125 0.040625 0.0234375
0 0.58828125 0.35078125 0.04375 0.0234375
0 0.57421875 0.37421875 0.028125 0.015625
0 0.53359375 0.33671875 0.0359375 0.021875
0 0.5640625 0.3140625 0.04375 0.021875
0 0.4015625 0.11796875 0.0375 0.034375
0 0.07890625 0.22109375 0.046875 0.0296875
0 0.1359375 0.87109375 0.034375 0.0171875
0 0.04921875 0.9203125 0.0359375 0.028125
0 0.7875 0.33828125 0.05 0.025
0 0.90234375 0.4515625 0.0375 0.0234375