0 0.62578125 0.54765625 0.0453125 0.025
0 0.28046875 0.47578125 0.05 0.0265625
0 0.45234375 0.6390625 0.0375 0.025
0 0.4515625 0.67109375 0.034375 0.025
0 0.42734375 0.69765625 0.0390625 0.021875
0 0.409375 0.65859375 0.0390625 0.025
0 0.4203125 0.63203125 0.0375 0.025
0 0.1984375 0.6890625 0.05 0.0265625
0 0.08359375 0.57890625 0.0359375 0.021875
0 0.60546875 0.88125 0.0484375 0.0375
0 0.92109375 0.75625 0.040625 0.0390625
0 0.82421875 0.1109375 0.0359375 0.01875
0 0.90234375 0.05546875 0.0375 0.0296875