0 0.49609375 0.1296875 0.025 0.0453125
0 0.1609375 0.2015625 0.0171875 0.040625
0 0.1171875 0.11796875 0.0265625 0.0359375
0 0.57578125 0.51640625 0.0171875 0.04375
0 0.63828125 0.66875 0.021875 0.028125
0 0.625 0.64921875 0.0140625 0.0390625
0 0.6421875 0.63515625 0.0203125 0.0328125
0 0.66953125 0.6484375 0.01875 0.0296875
0 0.70703125 0.67890625 0.01875 0.028125
0 0.66875 0.92578125 0.0203125 0.0515625
0 0.45390625 0.8453125 0.0203125 0.053125
0 0.9015625 0.5203125 0.034375 0.0390625
0 0.82265625 0.20234375 0.025 0.0421875