0 0.4453125 0.0265625 0.0265625 0.0390625
0 0.07578125 0.08671875 0.0265625 0.034375
0 0.13203125 0.16796875 0.0234375 0.0375
0 0.46640625 0.72578125 0.025 0.053125
0 0.6375 0.56796875 0.021875 0.040625
0 0.55703125 0.390625 0.028125 0.0421875
0 0.6296875 0.60234375 0.021875 0.0234375
0 0.6515625 0.6078125 0.01875 0.0390625
0 0.671875 0.57265625 0.0234375 0.028125
0 0.69609375 0.59453125 0.01875 0.0390625
0 0.884375 0.4234375 0.0296875 0.0328125
0 0.7796875 0.10859375 0.03125 0.0375
0 0.67421875 0.8234375 0.0203125 0.0375
0 0.55859375 0.9328125 0.025 0.0390625