0 0.2265625 0.5515625 0.04375 0.015625
0 0.125 0.33671875 0.046875 0.025
0 0.040625 0.4671875 0.03125 0.0203125
0 0.359375 0.35390625 0.0375 0.015625
0 0.40546875 0.3625 0.040625 0.021875
0 0.378125 0.3765625 0.0390625 0.0203125
0 0.38984375 0.33203125 0.03125 0.01875
0 0.36171875 0.3015625 0.034375 0.0203125
0 0.54453125 0.43203125 0.0484375 0.025
0 0.93359375 0.5109375 0.0359375 0.0234375
0 0.82890625 0.84140625 0.0265625 0.015625
0 0.92109375 0.89140625 0.046875 0.0203125
0 0.840625 0.1859375 0.059375 0.015625
0 0.515625 0.1046875 0.0421875 0.0296875