0 0.86015625 0.88203125 0.0328125 0.0234375
0 0.9421875 0.93828125 0.0390625 0.0265625
0 0.678125 0.46171875 0.0484375 0.0234375
0 0.32109375 0.5328125 0.05 0.028125
0 0.23046875 0.3328125 0.0484375 0.025
0 0.10625 0.44296875 0.0359375 0.01875
0 0.4734375 0.36875 0.0421875 0.021875
0 0.48125 0.3375 0.0265625 0.0234375
0 0.4515625 0.31875 0.040625 0.021875
0 0.42890625 0.34609375 0.0390625 0.0203125
0 0.43125 0.37421875 0.028125 0.0171875
0 0.62265625 0.121875 0.04375 0.0328125
0 0.93984375 0.2390625 0.0453125 0.025