0 0.31796875 0.5546875 0.0359375 0.0203125
0 0.6546875 0.4390625 0.04375 0.0203125
0 0.4484375 0.3734375 0.0390625 0.021875
0 0.4015625 0.35703125 0.04375 0.021875
0 0.4171875 0.3796875 0.028125 0.0140625
0 0.4546875 0.33984375 0.034375 0.0203125
0 0.4234375 0.31953125 0.04375 0.0203125
0 0.57109375 0.11171875 0.0359375 0.0328125
0 0.90078125 0.1921875 0.046875 0.028125
0 0.8890625 0.84453125 0.034375 0.015625
0 0.97890625 0.8875 0.034375 0.0265625
0 0.20234375 0.359375 0.0484375 0.0234375
0 0.09453125 0.4796875 0.0359375 0.021875