0 0.11328125 0.42421875 0.028125 0.04375
0 0.20546875 0.0984375 0.025 0.046875
0 0.4421875 0.3609375 0.025 0.05
0 0.36796875 0.55234375 0.0203125 0.034375
0 0.375 0.5890625 0.0109375 0.0234375
0 0.353125 0.59921875 0.015625 0.046875
0 0.3375 0.5515625 0.0203125 0.034375
0 0.3125 0.58203125 0.021875 0.034375
0 0.346875 0.8046875 0.021875 0.0359375
0 0.46640625 0.9140625 0.0171875 0.0296875
0 0.54609375 0.70078125 0.0265625 0.04375
0 0.85390625 0.13046875 0.0203125 0.0453125
0 0.90625 0.0421875 0.025 0.0296875