0 0.81796875 0.45390625 0.034375 0.028125
0 0.815625 0.790625 0.0390625 0.025
0 0.90703125 0.828125 0.04375 0.025
0 0.41875 0.4328125 0.040625 0.028125
0 0.328125 0.37578125 0.0328125 0.0234375
0 0.33125 0.3984375 0.025 0.0171875
0 0.29765625 0.396875 0.025 0.01875
0 0.303125 0.3578125 0.0359375 0.0265625
0 0.25703125 0.31953125 0.0484375 0.0234375
0 0.0203125 0.3890625 0.040625 0.034375
0 0.12265625 0.60078125 0.0390625 0.0234375
0 0.39921875 0.1015625 0.028125 0.03125
0 0.71875 0.1375 0.05 0.03125