0 0.51953125 0.19375 0.0203125 0.0375
0 0.85234375 0.26875 0.0203125 0.0421875
0 0.9125 0.1875 0.0265625 0.034375
0 0.40859375 0.58203125 0.021875 0.0359375
0 0.3421875 0.64609375 0.01875 0.040625
0 0.36484375 0.6546875 0.0234375 0.021875
0 0.353125 0.67890625 0.021875 0.025
0 0.3171875 0.66953125 0.0171875 0.034375
0 0.26796875 0.703125 0.021875 0.040625
0 0.28125 0.95234375 0.0265625 0.0453125
0 0.5078125 0.90546875 0.0203125 0.0515625
0 0.08828125 0.51796875 0.028125 0.028125
0 0.1953125 0.21796875 0.0328125 0.040625