0 0.3125 0.6921875 0.0203125 0.0359375
0 0.37734375 0.925 0.0359375 0.0640625
0 0.584375 0.81875 0.025 0.0453125
0 0.51015625 0.9828125 0.0234375 0.034375
0 0.46640625 0.115625 0.025 0.046875
0 0.42890625 0.51328125 0.028125 0.05625
0 0.38203125 0.67890625 0.025 0.0390625
0 0.36953125 0.6421875 0.025 0.04375
0 0.390625 0.6484375 0.0234375 0.0296875
0 0.34609375 0.659375 0.0234375 0.0359375
0 0.10234375 0.55234375 0.0359375 0.0421875
0 0.14765625 0.22265625 0.034375 0.0515625
0 0.803125 0.16171875 0.0234375 0.04375
0 0.84140625 0.0703125 0.03125 0.0375