0 0.8203125 0.4734375 0.034375 0.0265625
0 0.7421875 0.1453125 0.0375 0.021875
0 0.8234375 0.0890625 0.0421875 0.0234375
0 0.4359375 0.584375 0.0390625 0.0265625
0 0.36015625 0.659375 0.0328125 0.021875
0 0.35859375 0.63671875 0.025 0.015625
0 0.32578125 0.64609375 0.025 0.01875
0 0.340625 0.6828125 0.0359375 0.025
0 0.30390625 0.73046875 0.0484375 0.0203125
0 0.05234375 0.7171875 0.0484375 0.0328125
0 0.11015625 0.4859375 0.0390625 0.021875
0 0.49140625 0.9109375 0.028125 0.0296875
0 0.79453125 0.80390625 0.0484375 0.0296875