0 0.6828125 0.4484375 0.0359375 0.01875
0 0.34453125 0.55859375 0.04375 0.0203125
0 0.54921875 0.62734375 0.0390625 0.021875
0 0.59609375 0.64453125 0.04375 0.021875
0 0.58046875 0.621875 0.028125 0.0140625
0 0.5421875 0.6609375 0.034375 0.0203125
0 0.5734375 0.68203125 0.04375 0.01875
0 0.421875 0.88671875 0.0359375 0.03125
0 0.09375 0.80078125 0.046875 0.0265625
0 0.1171875 0.1484375 0.034375 0.015625
0 0.028125 0.10390625 0.034375 0.025
0 0.7953125 0.64609375 0.0484375 0.021875
0 0.9046875 0.52734375 0.0359375 0.021875