0 0.17578125 0.15859375 0.028125 0.01875
0 0.08984375 0.1125 0.034375 0.021875
0 0.08359375 0.4890625 0.04375 0.015625
0 0.471875 0.5703125 0.04375 0.0203125
0 0.6078125 0.63984375 0.034375 0.0140625
0 0.62578125 0.62265625 0.028125 0.015625
0 0.65 0.64140625 0.034375 0.021875
0 0.61953125 0.66640625 0.0265625 0.0203125
0 0.64453125 0.70078125 0.04375 0.0171875
0 0.88203125 0.6609375 0.053125 0.0265625
0 0.48671875 0.8953125 0.034375 0.028125
0 0.16640625 0.81640625 0.0484375 0.021875
0 0.78984375 0.45 0.053125 0.01875
0 0.97109375 0.53515625 0.0375 0.0171875