0 0.778125 0.48203125 0.0453125 0.021875
0 0.85234375 0.7078125 0.0484375 0.03125
0 0.95234375 0.58828125 0.03125 0.0234375
0 0.621875 0.6625 0.0390625 0.021875
0 0.57734375 0.64765625 0.0421875 0.0265625
0 0.60625 0.6375 0.040625 0.0234375
0 0.58984375 0.68046875 0.034375 0.0203125
0 0.61328125 0.7140625 0.0375 0.0234375
0 0.44765625 0.56171875 0.05 0.0296875
0 0.07109375 0.4359375 0.0390625 0.0265625
0 0.2140625 0.12109375 0.028125 0.01875
0 0.1296875 0.06015625 0.0484375 0.025
0 0.12265625 0.7703125 0.059375 0.021875
0 0.4359375 0.890625 0.04375 0.0328125