0 0.48046875 0.87890625 0.0203125 0.0421875
0 0.87890625 0.278125 0.0203125 0.0328125
0 0.93984375 0.20625 0.025 0.0390625
0 0.5578125 0.16640625 0.021875 0.0359375
0 0.4125 0.54375 0.028125 0.0484375
0 0.33203125 0.6203125 0.025 0.03125
0 0.3515625 0.63203125 0.021875 0.028125
0 0.33828125 0.65859375 0.0203125 0.03125
0 0.30390625 0.63359375 0.021875 0.0359375
0 0.25546875 0.6609375 0.025 0.0421875
0 0.25078125 0.91015625 0.0296875 0.0515625
0 0.096875 0.4640625 0.0359375 0.0375
0 0.22890625 0.16796875 0.028125 0.0390625