0 0.425 0.38828125 0.0234375 0.0453125
0 0.57265625 0.709375 0.0265625 0.0484375
0 0.37578125 0.578125 0.0234375 0.0375
0 0.34375 0.58515625 0.025 0.0359375
0 0.32421875 0.615625 0.0203125 0.0390625
0 0.36640625 0.62421875 0.025 0.0390625
0 0.38984375 0.60859375 0.0234375 0.0359375
0 0.38359375 0.83671875 0.0265625 0.05
0 0.5171875 0.92265625 0.021875 0.0359375
0 0.1046875 0.48203125 0.0359375 0.046875
0 0.15546875 0.14765625 0.0375 0.040625
0 0.80625 0.09609375 0.01875 0.0359375
0 0.84296875 0.01328125 0.0296875 0.0265625