0 0.55859375 0.384375 0.51796875 0.7015625
0 0.14140625 0.42421875 0.21015625 0.23984375
0 0.95078125 0.53515625 0.09765625 0.18359375
0 0.83515625 0.54765625 0.13671875 0.16875
0 0.11640625 0.27890625 0.18828125 0.109375
0 0.10234375 0.15859375 0.1453125 0.1296875
0 0.2296875 0.15390625 0.159375 0.11328125
0 0.24921875 0.22578125 0.1609375 0.1109375
0 0.90546875 0.3890625 0.1828125 0.11015625
0 0.94375 0.31875 0.1125 0.1203125
0 0.83984375 0.215625 0.15 0.115625
0 0.7203125 0.19453125 0.14375 0.13984375
0 0.62890625 0.203125 0.09765625 0.12734375
0 0.43671875 0.540625 0.121875 0.15078125