0 0.96171875 0.97421875 0.0765625 0.05
0 0.96875 0.8890625 0.0625 0.0375
0 0.7578125 0.47265625 0.0875 0.0515625
0 0.56484375 0.28359375 0.0421875 0.0203125
0 0.5828125 0.25859375 0.0390625 0.021875
0 0.596875 0.2046875 0.059375 0.025
0 0.6046875 0.175 0.08125 0.03125
0 0.45078125 0.71015625 0.065625 0.0140625
0 0.3921875 0.70234375 0.0390625 0.009375
0 0.4015625 0.68125 0.0421875 0.009375
0 0.3890625 0.665625 0.0375 0.0078125
0 0.3953125 0.65625 0.0390625 0.0078125
0 0.38125 0.64453125 0.0359375 0.0078125
0 0.40625 0.621875 0.040625 0.009375
0 0.390625 0.5875 0.0390625 0.0078125