0 0.06015625 0.94140625 0.0453125 0.1171875
0 0.10390625 0.94140625 0.0890625 0.1171875
0 0.18203125 0.81484375 0.0953125 0.2734375
0 0.584375 0.48984375 0.0625 0.0890625
0 0.765625 0.27890625 0.0265625 0.0359375
0 0.859375 0.2953125 0.034375 0.071875
0 0.890625 0.30078125 0.0359375 0.09375
0 0.3421875 0.1609375 0.015625 0.04375
0 0.35234375 0.1421875 0.0171875 0.0375
0 0.3859375 0.14453125 0.0125 0.0375
0 0.4234375 0.14375 0.0109375 0.0375
0 0.43671875 0.12890625 0.0125 0.04375
0 0.484375 0.12734375 0.0125 0.040625