0 0.959375 0.803125 0.08125 0.059375
0 0.94921875 0.7484375 0.1015625 0.065625
0 0.9578125 0.6734375 0.084375 0.0625
0 0.75625 0.29765625 0.0890625 0.0578125
0 0.55 0.103125 0.0515625 0.028125
0 0.56796875 0.06875 0.040625 0.0265625
0 0.584375 0.0109375 0.06875 0.021875
0 0.45859375 0.56328125 0.0671875 0.0203125
0 0.403125 0.559375 0.0421875 0.0140625
0 0.40625 0.53984375 0.040625 0.0125
0 0.403125 0.5140625 0.0390625 0.0125
0 0.39609375 0.52421875 0.040625 0.0125
0 0.39140625 0.4515625 0.040625 0.0109375