0 0.9203125 0.02109375 0.159375 0.0421875
0 0.94296875 0.10390625 0.1140625 0.1453125
0 0.51015625 0.62421875 0.09375 0.059375
0 0.2953125 0.44765625 0.0359375 0.0203125
0 0.3078125 0.36875 0.065625 0.0234375
0 0.3140625 0.3421875 0.078125 0.028125
0 0.15546875 0.88125 0.0484375 0.0171875
0 0.1296875 0.89375 0.021875 0.009375
0 0.1390625 0.83125 0.0453125 0.0125
0 0.1453125 0.8171875 0.0484375 0.0140625
0 0.15 0.803125 0.046875 0.0125
0 0.13828125 0.7859375 0.0453125 0.0109375
0 0.12734375 0.7671875 0.046875 0.009375
0 0.12890625 0.7171875 0.040625 0.0078125