0 0.97890625 0.9203125 0.0421875 0.159375
0 0.89609375 0.94296875 0.1453125 0.1140625
0 0.37578125 0.51015625 0.059375 0.09375
0 0.55234375 0.2953125 0.0203125 0.0359375
0 0.63125 0.3078125 0.0234375 0.065625
0 0.6578125 0.3140625 0.028125 0.078125
0 0.11875 0.15546875 0.0171875 0.0484375
0 0.10625 0.1296875 0.009375 0.021875
0 0.16875 0.1390625 0.0125 0.0453125
0 0.1828125 0.1453125 0.0140625 0.0484375
0 0.196875 0.15 0.0125 0.046875
0 0.2140625 0.13828125 0.0109375 0.0453125
0 0.2328125 0.12734375 0.009375 0.046875
0 0.2828125 0.12890625 0.0078125 0.040625