0 0.8640625 0.86640625 0.271875 0.1203125
0 0.98515625 0.9015625 0.0296875 0.04375
0 0.50234375 0.47265625 0.0890625 0.0625
0 0.2890625 0.30625 0.040625 0.0234375
0 0.29609375 0.215625 0.0921875 0.040625
0 0.3046875 0.1984375 0.0796875 0.040625
0 0.17421875 0.75390625 0.04375 0.0171875
0 0.15390625 0.76171875 0.021875 0.0125
0 0.1453125 0.7578125 0.01875 0.009375
0 0.15859375 0.72578125 0.04375 0.01875
0 0.15078125 0.7125 0.0390625 0.015625
0 0.16875 0.69375 0.0515625 0.0171875
0 0.15703125 0.68828125 0.0421875 0.015625