0 0.4421875 0.7546875 0.0453125 0.0859375
0 0.62265625 0.55546875 0.0234375 0.0359375
0 0.65 0.57734375 0.0203125 0.046875
0 0.69921875 0.5828125 0.0234375 0.059375
0 0.72578125 0.5921875 0.028125 0.0734375
0 0.19453125 0.45546875 0.0140625 0.0703125
0 0.2 0.39375 0.009375 0.0421875
0 0.221875 0.403125 0.009375 0.04375
0 0.23828125 0.3890625 0.0109375 0.0421875
0 0.2484375 0.3953125 0.0078125 0.040625
0 0.26171875 0.38125 0.0078125 0.0375
0 0.28984375 0.40859375 0.0078125 0.0453125
0 0.32421875 0.38984375 0.009375 0.040625