0 0.0953125 0.0640625 0.190625 0.10625
0 0.071875 0.16796875 0.14375 0.1296875
0 0.48984375 0.684375 0.0890625 0.05625
0 0.7046875 0.5078125 0.0453125 0.0234375
0 0.69453125 0.43046875 0.06875 0.021875
0 0.68828125 0.40546875 0.071875 0.0234375
0 0.83828125 0.9640625 0.0484375 0.015625
0 0.85234375 0.9828125 0.0515625 0.01875
0 0.8578125 0.9125 0.0484375 0.0125
0 0.85078125 0.89609375 0.0515625 0.0140625
0 0.846875 0.88046875 0.0484375 0.0140625
0 0.8578125 0.86171875 0.0421875 0.0125
0 0.86953125 0.8421875 0.046875 0.009375
0 0.87265625 0.8359375 0.04375 0.0109375
0 0.87109375 0.7890625 0.040625 0.0109375