0 0.75546875 0.515625 0.0875 0.0484375
0 0.565625 0.32734375 0.040625 0.0234375
0 0.5796875 0.30234375 0.0390625 0.025
0 0.5953125 0.25078125 0.05625 0.025
0 0.60390625 0.2234375 0.075 0.028125
0 0.44921875 0.75234375 0.06875 0.0125
0 0.3890625 0.74453125 0.040625 0.009375
0 0.396875 0.72265625 0.04375 0.009375
0 0.384375 0.70546875 0.0390625 0.009375
0 0.3921875 0.696875 0.0390625 0.0109375
0 0.38828125 0.625 0.040625 0.0078125
0 0.3921875 0.6375 0.040625 0.0109375
0 0.40234375 0.6609375 0.0453125 0.0109375