0 0.02265625 0.13984375 0.0453125 0.0578125
0 0.03671875 0.1984375 0.0734375 0.06875
0 0.03046875 0.27734375 0.0609375 0.0640625
0 0.25234375 0.65078125 0.0890625 0.059375
0 0.46015625 0.83203125 0.0484375 0.0265625
0 0.43671875 0.8625 0.05625 0.028125
0 0.43046875 0.92421875 0.065625 0.034375
0 0.42578125 0.9546875 0.09375 0.040625
0 0.5359375 0.38203125 0.0640625 0.01875
0 0.59296875 0.38515625 0.0390625 0.0140625
0 0.58515625 0.40703125 0.0390625 0.0125
0 0.6 0.42109375 0.0421875 0.0125
0 0.59375 0.43046875 0.0359375 0.0140625
0 0.58515625 0.4640625 0.0359375 0.015625
0 0.6078125 0.4390625 0.0296875 0.0109375
0 0.60546875 0.49375 0.0375 0.0140625