0 0.1125 0.890625 0.05625 0.21875
0 0.15703125 0.8984375 0.06875 0.203125
0 0.23984375 0.74609375 0.0609375 0.2546875
0 0.66640625 0.50859375 0.0484375 0.0859375
0 0.8875 0.32578125 0.021875 0.0421875
0 0.9859375 0.35546875 0.028125 0.0765625
0 0.46484375 0.1453125 0.0125 0.0421875
0 0.48203125 0.128125 0.01875 0.0375
0 0.51015625 0.134375 0.0109375 0.0359375
0 0.52890625 0.14296875 0.0109375 0.04375
0 0.5484375 0.13671875 0.0078125 0.0375
0 0.6109375 0.12890625 0.0109375 0.0390625
0 0.5625 0.12578125 0.0078125 0.04375