0 0.925 0.8015625 0.0734375 0.278125
0 0.98671875 0.94609375 0.0265625 0.1046875
0 0.4734375 0.50703125 0.0484375 0.08125
0 0.27265625 0.32578125 0.0171875 0.0375
0 0.184375 0.3484375 0.0265625 0.0890625
0 0.16875 0.36015625 0.028125 0.0765625
0 0.69375 0.13515625 0.009375 0.0421875
0 0.69765625 0.1140625 0.009375 0.021875
0 0.6921875 0.10625 0.00625 0.0171875
0 0.66328125 0.12421875 0.0109375 0.04375
0 0.6484375 0.11953125 0.009375 0.0375
0 0.63359375 0.13984375 0.009375 0.05
0 0.62578125 0.1296875 0.0078125 0.0421875