0 0.05625 0.85078125 0.1125 0.0484375
0 0.06328125 0.79453125 0.1265625 0.053125
0 0.05078125 0.72109375 0.1015625 0.0515625
0 0.22421875 0.32578125 0.084375 0.05
0 0.40859375 0.11015625 0.05 0.0234375
0 0.3875 0.078125 0.0390625 0.0234375
0 0.3640625 0.01484375 0.0671875 0.0296875
0 0.54765625 0.55859375 0.065625 0.0140625
0 0.60234375 0.54921875 0.0421875 0.0109375
0 0.59765625 0.5296875 0.040625 0.009375
0 0.59765625 0.50390625 0.0390625 0.009375
0 0.60625 0.51328125 0.040625 0.009375
0 0.603125 0.440625 0.040625 0.0078125