0 0.06875 0.2546875 0.04375 0.0125
0 0.07890625 0.27109375 0.034375 0.009375
0 0.07421875 0.28359375 0.028125 0.0125
0 0.04375 0.27421875 0.0328125 0.0109375
0 0.0625 0.28828125 0.0390625 0.0109375
0 0.06015625 0.3359375 0.0453125 0.0109375
0 0.071875 0.35 0.0421875 0.0125
0 0.96015625 0.0359375 0.0796875 0.04375
0 0.96953125 0.14609375 0.0609375 0.0453125
0 0.87421875 0.11328125 0.246875 0.065625
0 0.30078125 0.6390625 0.0515625 0.025
0 0.30078125 0.79609375 0.075 0.028125
0 0.49765625 0.52109375 0.0859375 0.053125