0 0.8984375 0.92109375 0.121875 0.1578125
0 0.79296875 0.9390625 0.1421875 0.121875
0 0.315625 0.49375 0.0640625 0.09375
0 0.51015625 0.2953125 0.0265625 0.046875
0 0.5859375 0.3125 0.028125 0.0703125
0 0.6109375 0.3203125 0.028125 0.0734375
0 0.0671875 0.12265625 0.0203125 0.0484375
0 0.05 0.10703125 0.0234375 0.0515625
0 0.1203125 0.1078125 0.0171875 0.05
0 0.1359375 0.11640625 0.01875 0.0515625
0 0.1515625 0.12109375 0.0171875 0.05
0 0.17109375 0.11171875 0.015625 0.04375
0 0.19140625 0.10234375 0.0125 0.046875
0 0.19765625 0.09921875 0.0140625 0.04375
0 0.24453125 0.10546875 0.0140625 0.040625