0 0.484375 0.75546875 0.0484375 0.0875
0 0.67265625 0.565625 0.0234375 0.040625
0 0.69765625 0.5796875 0.025 0.0390625
0 0.74921875 0.5953125 0.025 0.05625
0 0.7765625 0.60390625 0.028125 0.075
0 0.24765625 0.44921875 0.0125 0.06875
0 0.25546875 0.3890625 0.009375 0.040625
0 0.27734375 0.396875 0.009375 0.04375
0 0.29453125 0.384375 0.009375 0.0390625
0 0.303125 0.3921875 0.0109375 0.0390625
0 0.375 0.38828125 0.0078125 0.040625
0 0.3625 0.3921875 0.0109375 0.040625
0 0.3390625 0.40234375 0.0109375 0.0453125