0 0.109375 0.1125 0.21875 0.05625
0 0.1015625 0.15703125 0.203125 0.06875
0 0.25390625 0.23984375 0.2546875 0.0609375
0 0.49140625 0.66640625 0.0859375 0.0484375
0 0.67421875 0.8875 0.0421875 0.021875
0 0.64453125 0.9859375 0.0765625 0.028125
0 0.8546875 0.46484375 0.0421875 0.0125
0 0.871875 0.48203125 0.0375 0.01875
0 0.865625 0.51015625 0.0359375 0.0109375
0 0.85703125 0.52890625 0.04375 0.0109375
0 0.86328125 0.5484375 0.0375 0.0078125
0 0.87109375 0.6109375 0.0390625 0.0109375
0 0.87421875 0.5625 0.04375 0.0078125