0 0.2671875 0.2796875 0.2703125 0.06875
0 0.1140625 0.196875 0.2234375 0.0828125
0 0.12421875 0.16171875 0.2484375 0.0609375
0 0.46640625 0.70859375 0.0828125 0.0546875
0 0.63125 0.95390625 0.0484375 0.0203125
0 0.85625 0.51484375 0.0421875 0.009375
0 0.8671875 0.50625 0.04375 0.0125
0 0.88046875 0.51640625 0.03125 0.0078125
0 0.8671875 0.53828125 0.04375 0.0125
0 0.875 0.5578125 0.0375 0.009375
0 0.853125 0.565625 0.05 0.0109375
0 0.859375 0.5859375 0.0421875 0.009375
0 0.86953125 0.61171875 0.04375 0.0078125