0 0.09296875 0.86953125 0.0671875 0.221875
0 0.13671875 0.8796875 0.0796875 0.20625
0 0.22734375 0.73203125 0.0734375 0.25625
0 0.665625 0.5171875 0.053125 0.0875
0 0.89609375 0.34609375 0.0234375 0.04375
0 0.98828125 0.38125 0.0234375 0.078125
0 0.48359375 0.14375 0.0140625 0.0421875
0 0.5015625 0.12734375 0.0203125 0.0375
0 0.52890625 0.13515625 0.0125 0.0359375
0 0.54765625 0.1453125 0.0125 0.04375
0 0.5671875 0.13984375 0.009375 0.0375
0 0.63046875 0.13515625 0.0125 0.0390625
0 0.58203125 0.1296875 0.009375 0.04375